231789.20801 3284389.21945 42 89 41 1 175 -1
231609.44615 3284602.19787 43 89 42 2 0 -1
231281.61134 3284546.55557 44 89 43 169 1 -1
229633.52584 3282913.12316 53 90 52 4 5 -1
229821.35758 3282768.96171 54 90 53 112 3 -1
229647.98032 3283196.12048 90 91 52 46 -1 3
230356.93876 3284971.28878 46 92 45 7 9 -1
230159.57618 3284891.30435 47 92 46 39 6 -1
230764.82203 3284658.63297 45 93 44 9 167 -1
230555.84397 3284672.26111 92 93 45 41 8 6
245472.51381 3277077.34389 15 94 14 11 12 -1
245355.02227 3277266.20999 16 94 15 24 10 -1
245352.73417 3276791.45609 94 13 14 14 -1 10
244958.11279 3276492.60535 13 96 95 14 16 -1
245071.44198 3276754.52721 94 96 13 26 13 12
244553.33688 3276199.07474 95 97 12 16 18 -1
244670.49469 3276461.54073 96 97 95 50 15 13
244145.99823 3275909.10711 12 98 11 18 28 -1
244266.61253 3276173.13423 97 98 12 52 17 15
230581.97420 3277871.13283 63 100 62 20 21 -1
230584.04836 3277628.38607 64 100 63 22 19 -1
230869.01679 3278089.99080 100 61 62 97 -1 19
230769.34735 3277473.10759 64 101 100 23 99 20
230756.00779 3277202.91006 65 101 64 81 22 -1
245043.84240 3277277.13357 16 102 94 25 26 11
244908.91907 3277534.36061 17 102 16 119 24 -1
244874.99827 3277011.92624 102 96 94 51 14 24
243738.49045 3275619.37463 11 104 99 28 30 -1
243859.36601 3275883.53639 98 104 11 54 27 17
243343.06023 3275342.72885 99 106 105 30 1176 -1
243436.99032 3275590.16321 104 106 99 56 29 27
228857.17853 3284533.37063 50 107 49 32 33 -1
228908.63657 3284377.65310 51 107 50 35 31 -1
229033.43503 3284785.92380 107 108 49 34 -1 31
229282.46811 3284765.08659 107 48 108 37 -1 33
229245.46006 3284269.50761 51 110 107 36 37 32
229291.23374 3284122.90769 109 110 51 43 35 -1
229421.33380 3284560.16315 110 48 107 38 34 35
229699.35851 3284555.32643 110 47 48 40 -1 37
230120.47478 3284530.52931 47 111 92 40 41 7
229845.15605 3284412.67895 110 111 47 42 39 38
230355.53265 3284430.80578 111 93 92 49 9 39
229843.11291 3284195.15099 110 112 111 43 47 40
229661.83454 3284031.99001 109 112 110 44 42 36
229677.22130 3283729.96587 91 112 109 45 43 -1
229873.95325 3283587.77160 91 113 112 46 48 44
229879.70770 3283359.19586 90 113 91 111 45 5
230182.61474 3283989.62295 112 114 111 48 49 42
230188.39709 3283778.26367 113 114 112 115 47 45
230434.08368 3284196.65197 114 93 111 168 41 47
244500.00077 3276695.73363 96 115 97 51 53 16
244645.32972 3277000.22571 102 115 96 121 50 26
244106.80983 3276398.75877 97 116 98 53 55 18
244223.14898 3276670.19585 115 116 97 134 52 50
243698.03726 3276111.76924 98 117 104 55 57 28
243802.51910 3276370.90402 116 117 98 145 54 52
243281.68511 3275798.18668 104 118 106 57 1226 30
243377.51788 3276074.89968 117 118 104 150 56 54
232729.26534 3279443.38567 58 119 57 59 80 -1
232869.41887 3279161.87545 59 119 58 292 58 -1
230498.23089 3273436.02355 69 120 68 61 63 -1
230621.25338 3273232.46645 70 120 69 70 60 -1
230513.63522 3273922.73127 68 122 121 63 65 -1
230623.51163 3273706.40176 120 122 68 72 62 60
230578.14234 3274443.30092 121 123 67 65 67 -1
230693.91333 3274174.73064 122 123 121 74 64 62
230651.82177 3274913.51166 67 125 124 67 69 -1
230747.68993 3274641.71275 123 125 67 76 66 64
230940.40704 3275293.60815 124 127 126 69 358 -1
230949.96842 3275122.10057 125 127 124 78 68 66
230990.70600 3273236.48704 70 128 120 71 73 61
231089.48886 3273043.90926 71 128 70 312 70 -1
230986.33876 3273697.72414 120 129 122 73 75 63
231095.29353 3273467.87226 128 129 120 313 72 70
231013.04177 3274146.80210 122 130 123 75 77 65
231112.08162 3273946.36914 129 130 122 315 74 72
231061.54936 3274600.43743 123 131 125 77 78 67
231149.36002 3274435.36149 130 131 123 317 76 74
231202.92565 3274911.97191 131 127 125 319 69 76
232772.23507 3279938.90999 57 133 132 80 250 -1
232924.74902 3279725.85675 119 133 57 290 79 58
231045.92122 3277010.41971 65 135 101 82 101 23
230991.82926 3276736.10720 134 135 65 184 81 -1
233256.35246 3283483.13792 39 136 38 84 86 -1
233023.88285 3283428.25167 40 136 39 93 83 -1
233698.99432 3283301.49120 38 137 37 86 87 -1
233483.19765 3283267.58562 136 137 38 91 85 83
233918.51113 3283027.86322 137 36 37 89 -1 85
234001.97816 3282575.85097 36 138 35 89 242 -1
233831.26475 3282808.13195 137 138 36 90 88 87
233537.43973 3282746.85625 137 139 138 91 240 89
233353.06882 3282944.41269 136 139 137 92 90 86
233058.06710 3282910.70194 136 140 139 93 238 91
232918.00901 3283066.26909 40 140 136 94 92 84
232666.72980 3283056.06210 40 142 140 95 213 93
232461.20693 3283384.95846 141 142 40 178 94 -1
231326.40678 3278316.38495 61 143 60 97 103 -1
231097.01029 3278022.39242 100 143 61 98 96 21
231185.86731 3277840.64837 100 144 143 99 105 97
231070.83221 3277571.72273 101 144 100 100 98 22
231312.85026 3277301.19115 101 145 144 101 106 99
231266.05987 3277110.23146 135 145 101 186 100 81
231810.28611 3278401.13711 60 147 146 103 108 -1
231646.82172 3278243.55388 143 147 60 104 102 96
231692.52396 3277915.82733 143 148 147 105 110 103
231560.92387 3277787.38236 144 148 143 106 104 98
231613.00544 3277442.94985 145 148 144 188 105 100
232322.47048 3278432.67252 146 150 149 108 382 -1
232139.81781 3278287.15920 147 150 146 109 107 102
232164.46953 3277983.54478 147 151 150 110 380 108
232020.79486 3277849.58559 148 151 147 190 109 104
230121.53327 3283205.00050 90 152 113 112 116 46
230117.51927 3282885.32482 54 152 90 113 111 4
230336.40850 3282749.54038 54 154 152 114 118 112
230361.85471 3282489.90676 153 154 54 204 113 -1
230394.09164 3283624.53599 113 156 114 116 171 48
230334.47366 3283307.37428 152 156 113 117 115 111
230623.21616 3283127.36863 152 157 156 118 172 116
230621.95343 3282943.58637 154 157 152 206 117 113
244608.90872 3277547.33983 17 158 102 120 121 25
244463.06968 3277803.03836 103 158 17 122 119 -1
244443.08424 3277234.96763 158 115 102 135 51 119
244229.25330 3277834.72286 103 160 158 123 137 120
244125.68428 3278179.17398 159 160 103 124 122 -1
243830.31619 3278223.88208 159 161 160 125 139 123
243746.34230 3278504.53570 18 161 159 126 124 -1
243462.15883 3278540.63370 18 162 161 127 141 125
243347.25887 3278788.61818 19 162 18 128 126 -1
243093.06555 3278797.35999 19 163 162 129 143 127
242939.07664 3279074.06014 20 163 19 130 128 -1
242610.26154 3278987.37347 20 164 163 131 144 129
242441.33029 3279123.84480 21 164 20 132 130 -1
242158.74498 3278994.73058 21 165 164 133 162 131
241954.66019 3279111.93973 22 165 21 191 132 -1
244066.27116 3276875.33948 115 166 116 135 146 53
244192.45711 3277223.58564 158 166 115 136 134 121
244037.75794 3277375.56308 158 167 166 137 148 135
244054.95024 3277689.28368 160 167 158 138 136 122
243716.41677 3277819.54877 160 168 167 139 149 137
243655.43775 3278022.55601 161 168 160 140 138 124
243353.14790 3278100.99248 161 169 168 141 155 139
243278.16945 3278272.80446 162 169 161 142 140 126
242969.90119 3278360.44523 162 170 169 143 158 141
242905.75301 3278537.96836 163 170 162 144 142 128
242601.37803 3278640.69614 164 170 163 161 143 130
243652.28888 3276586.96793 116 171 117 146 151 55
243755.02690 3276845.48659 166 171 116 147 145 134
243590.32542 3277088.69085 166 172 171 148 153 146
243662.43531 3277282.77194 167 172 166 149 147 136
243495.22011 3277545.19709 168 172 167 154 148 138
243219.54264 3276292.85908 117 173 118 151 1258 57
243335.15295 3276556.51475 171 173 117 152 150 145
243171.90793 3276810.50050 171 174 173 153 1221 151
243262.84649 3277017.47553 172 174 171 156 152 147
243279.15484 3277576.87612 168 175 172 155 156 149
243158.60534 3277807.84853 169 175 168 157 154 140
243073.68959 3277304.99881 175 174 172 159 153 154
242912.57530 3277848.61041 169 176 175 158 160 155
242778.47467 3278096.89790 170 176 169 163 157 142
242874.61518 3277309.08110 175 177 174 160 1219 156
242699.26909 3277572.98854 176 177 175 165 159 157
242467.69412 3278558.90148 164 178 170 162 164 144
242157.34865 3278725.01396 165 178 164 195 161 132
242501.58372 3278115.29969 170 179 176 164 166 158
242395.15860 3278257.78086 178 179 170 197 163 161
242491.28725 3277595.46990 176 180 177 166 1217 160
242367.06807 3277787.74155 179 180 176 200 165 163
230864.03322 3284352.09648 93 181 44 168 169 8
230665.24637 3284134.81004 114 181 93 170 167 49
231174.04357 3284321.36340 181 89 44 173 2 167
230777.27600 3283860.11257 114 182 181 171 174 168
230681.88506 3283683.78523 156 182 114 172 170 115
230860.19039 3283348.63262 157 182 156 182 171 117
231265.34398 3284142.86754 181 183 89 174 175 169
231114.80484 3283865.31959 182 183 181 181 173 170
231611.43918 3284091.01434 183 41 89 177 0 173
232017.20105 3283792.37321 41 184 141 177 179 -1
231694.49448 3283886.72636 183 184 41 180 176 175
232189.51086 3283314.79921 141 185 142 179 211 95
232018.62662 3283447.63237 184 185 141 183 178 176
231464.98306 3283579.60456 183 186 184 181 183 177
231290.32666 3283584.11536 182 186 183 182 180 174
231065.12415 3283316.47587 157 186 182 208 181 172
231673.87180 3283315.80084 186 185 184 209 179 180
231261.54397 3276513.86897 134 187 135 185 187 82
231196.18526 3276295.90072 66 187 134 359 184 -1
231526.96170 3276878.09410 135 188 145 187 189 101
231495.65753 3276624.36372 187 188 135 366 186 184
231785.70932 3277347.39893 145 189 148 189 190 106
231829.59187 3277050.15985 188 189 145 372 188 186
232077.72027 3277522.69023 189 151 148 376 110 188
241680.97297 3278938.89773 22 190 165 192 196 133
241416.10962 3279076.19892 23 190 22 193 191 -1
241195.25459 3278923.67338 23 191 190 194 199 192
240985.17993 3278997.55780 24 191 23 743 193 -1
241907.80531 3278539.42171 165 192 178 196 197 162
241723.10741 3278611.82425 190 192 165 198 195 191
242014.62601 3278240.15832 192 179 178 201 164 195
241470.43017 3278471.42567 190 193 192 199 203 196
241233.12188 3278615.53814 191 193 190 744 198 193
242057.58352 3277798.92509 179 194 180 201 1215 166
241903.40420 3278049.48874 192 194 179 202 200 197
241667.86197 3278022.83070 192 195 194 203 1214 201
241457.73561 3278227.08178 193 195 192 746 202 198
230686.20865 3282378.21734 153 196 154 205 207 114
230725.07763 3282071.70931 155 196 153 218 204 -1
230899.70202 3282761.28323 154 197 157 207 208 118
230921.49465 3282562.63298 196 197 154 215 206 204
231203.39388 3283026.15483 197 186 157 210 182 206
231623.13330 3283067.08124 186 198 185 210 212 183
231423.92122 3282952.54140 197 198 186 214 209 208
232135.08145 3282951.39557 185 199 142 212 213 178
231970.07696 3282867.67973 198 199 185 216 211 209
232461.02316 3282806.03258 199 140 142 237 94 211
231448.14184 3282577.66975 197 200 198 215 217 210
231175.14107 3282424.26808 196 200 197 220 214 207
231915.34092 3282552.22330 198 201 199 217 235 212
231686.56333 3282443.52214 200 201 198 221 216 214
230948.04127 3281962.77473 155 202 196 219 220 205
230971.87353 3281650.74696 55 202 155 224 218 -1
231192.59575 3282116.96073 202 200 196 222 215 218
231667.18747 3282131.27574 200 203 201 222 233 217
231424.45887 3282005.49723 202 203 200 223 221 220
231439.67672 3281677.78578 202 204 203 224 230 222
231146.17728 3281557.99266 55 204 202 225 223 219
231195.85396 3281173.60811 205 204 55 226 224 -1
231343.01784 3281110.78946 205 206 204 227 231 225
231455.92452 3280847.61315 56 206 205 228 226 -1
231812.63188 3280900.28155 56 208 206 229 232 227
231980.38599 3280733.57942 207 208 56 247 228 -1
231612.05245 3281569.62106 204 209 203 231 234 223
231636.39089 3281350.89626 206 209 204 232 230 226
231872.82888 3281206.21203 208 209 206 245 231 228
231911.25835 3281970.50104 203 210 201 234 236 221
231908.75190 3281738.58225 209 210 203 244 233 230
232197.91120 3282362.42235 201 211 199 236 237 216
232193.87287 3282136.91391 210 211 201 251 235 233
232516.79697 3282574.33909 211 140 199 239 213 235
232972.08589 3282567.16958 140 212 139 239 241 92
232709.72153 3282470.63585 211 212 140 253 238 237
233451.52365 3282448.04038 139 213 138 241 243 90
233229.76136 3282380.89987 212 213 139 254 240 238
233886.27490 3282300.63579 138 214 35 243 274 88
233692.48617 3282249.56846 213 214 138 256 242 240
232132.37781 3281566.56652 209 215 210 245 252 234
232112.46730 3281294.09079 208 215 209 246 244 232
232314.56903 3281133.21810 208 216 215 247 259 245
232315.25728 3280909.39024 207 216 208 248 246 229
232557.88969 3280690.39841 207 217 216 249 262 247
232534.80933 3280482.92968 132 217 207 250 248 -1
232872.31380 3280253.91448 133 217 132 267 249 79
232418.75959 3281966.26236 210 218 211 252 253 236
232400.44919 3281701.54601 215 218 210 258 251 244
232721.14490 3282094.18955 218 212 211 255 239 251
233156.19708 3282055.59937 212 219 213 255 257 241
232906.72161 3281966.44168 218 219 212 260 254 253
233599.98958 3281947.72580 213 220 214 257 272 243
233398.19072 3281876.49649 219 220 213 263 256 254
232628.97258 3281533.58581 215 221 218 259 260 252
232610.18162 3281286.42315 216 221 215 261 258 246
232886.01169 3281663.91344 221 219 218 264 255 258
232859.52932 3281104.82681 216 222 221 262 265 259
232819.24527 3280841.98860 217 222 216 266 261 248
233329.16557 3281578.73374 219 223 220 264 270 257
233126.34779 3281495.13261 221 223 219 265 263 260
233072.46983 3281209.32940 222 223 221 268 264 261
233100.68610 3280664.69157 217 224 222 267 269 262
233051.65605 3280320.33299 133 224 217 288 266 250
233335.86582 3281036.22621 222 225 223 269 271 265
233315.36763 3280771.84509 224 225 222 286 268 266
233591.72211 3281394.63190 223 226 220 271 273 263
233573.50426 3281172.81779 225 226 223 284 270 268
233856.86071 3281741.90943 220 227 214 273 275 256
233835.89903 3281540.52691 226 227 220 282 272 270
234135.30431 3282081.80788 214 228 35 275 276 242
234113.56330 3281893.05818 227 228 214 280 274 272
234418.44616 3282237.61731 228 229 35 278 -1 274
234943.31646 3282245.13651 229 230 34 278 394 -1
234658.35921 3282058.02806 228 230 229 279 277 276
234657.24390 3281843.04940 228 231 230 280 411 278
234387.64596 3281670.93805 227 231 228 281 279 275
234360.42594 3281469.83372 227 232 231 282 418 280
234106.94311 3281334.57180 226 232 227 283 281 273
234065.09754 3281090.19649 226 233 232 284 424 282
233837.39448 3280976.88856 225 233 226 285 283 271
233790.66129 3280733.25692 225 234 233 286 426 284
233557.19967 3280619.96093 224 234 225 287 285 269
233535.16675 3280361.36772 224 235 234 288 428 286
233246.59669 3280217.77531 133 235 224 289 287 267
233317.38892 3279872.97996 133 236 235 290 429 288
233157.41128 3279705.58425 119 236 133 291 289 80
233296.88706 3279373.23609 119 237 236 292 431 290
233181.97622 3279185.53224 59 237 119 385 291 59
243711.97788 3273457.56784 10 239 9 294 1089 -1
243710.78681 3273801.23709 238 239 10 295 293 -1
243503.28391 3273941.55834 238 241 239 296 1101 294
243565.58420 3274278.98994 240 241 238 297 295 -1
243289.32318 3274486.21951 240 242 241 298 1103 296
243317.46512 3274758.95030 105 242 240 1175 297 -1
244271.49939 3272137.56270 7 243 6 300 301 -1
244168.02139 3272350.48376 8 243 7 1070 299 -1
244112.35490 3271832.48038 243 5 6 303 -1 299
243739.77106 3271556.35588 5 244 4 303 1041 -1
243815.69135 3271793.89277 243 244 5 1072 302 301
232219.23854 3271382.13703 74 245 73 305 307 -1
232502.86625 3271277.38197 75 245 74 321 304 -1
231919.46240 3271750.77206 73 247 246 307 309 -1
232168.03703 3271631.29256 245 247 73 323 306 304
231687.51341 3272162.07122 246 248 72 309 311 -1
231877.01690 3272045.58715 247 248 246 325 308 306
231495.60920 3272674.26896 72 249 71 311 312 -1
231718.29181 3272567.36332 248 249 72 327 310 308
231437.77649 3272992.67217 249 128 71 314 71 310
231438.38797 3273476.50097 128 250 129 314 316 73
231600.02318 3273175.82598 249 250 128 329 313 312
231465.24921 3273928.68884 129 251 130 316 318 75
231571.39763 3273731.43585 250 251 129 331 315 313
231497.84363 3274400.47686 130 252 131 318 320 77
231601.91246 3274209.68137 251 252 130 333 317 315
231430.37272 3274973.33399 131 253 127 320 361 78
231628.71054 3274667.08405 252 253 131 335 319 317
232747.87257 3271493.90441 75 254 245 322 324 305
233037.33202 3271339.60341 76 254 75 337 321 -1
232448.87495 3271856.14936 245 255 247 324 326 307
232718.40213 3271707.23899 254 255 245 449 323 321
232192.94267 3272218.49636 247 256 248 326 328 309
232419.91147 3272080.79685 255 256 247 451 325 323
231892.67355 3272641.45208 248 257 249 328 330 311
232174.64458 3272485.89649 256 257 248 453 327 325
231836.68615 3273175.44303 249 258 250 330 332 314
231982.90768 3273000.63795 257 258 249 455 329 327
231897.47486 3273697.36982 250 259 251 332 334 316
232003.10491 3273503.12119 258 259 250 456 331 329
231929.23568 3274189.63909 251 260 252 334 336 318
232046.06947 3273982.41848 259 260 251 458 333 331
231938.79778 3274693.04874 252 261 253 336 363 320
232071.55844 3274454.27578 260 261 252 460 335 333
233267.60161 3271471.45817 76 262 254 338 450 322
233545.52490 3271282.26805 77 262 76 339 337 -1
233792.86540 3271390.18793 77 263 262 340 470 338
234020.30454 3271256.61701 78 263 77 341 339 -1
234287.56928 3271382.96659 78 264 263 342 472 340
234498.91610 3271267.04698 79 264 78 343 341 -1
234782.86868 3271422.93672 79 265 264 344 474 342
235032.83457 3271244.21558 80 265 79 345 343 -1
235285.12164 3271353.66511 80 266 265 346 476 344
235529.75453 3271158.30123 81 266 80 347 345 -1
235759.92442 3271243.70583 81 267 266 348 478 346
236012.62933 3271061.73486 82 267 81 349 347 -1
236220.79475 3271165.57035 82 268 267 350 480 348
236513.53582 3270993.60981 83 268 82 351 349 -1
236689.41174 3271125.57783 83 269 268 352 482 350
236963.29535 3271039.75744 84 269 83 353 351 -1
237143.62101 3271298.24913 84 270 269 354 483 352
237345.93323 3271300.74963 85 270 84 355 353 -1
237452.67980 3271633.21495 85 271 270 356 485 354
237754.47835 3271667.22720 86 271 85 613 355 -1
231166.47265 3275756.76837 126 272 66 358 359 -1
231249.02794 3275508.97872 127 272 126 360 357 68
231377.45750 3276029.57835 272 187 66 364 185 357
231480.72436 3275401.10581 127 273 272 361 365 358
231549.22983 3275196.03746 253 273 127 362 360 319
231938.97389 3275142.76552 253 274 273 363 369 361
232047.36768 3274921.07417 261 274 253 462 362 335
231612.86950 3276013.60192 272 275 187 365 367 359
231729.82794 3275682.38167 273 275 272 368 364 360
231764.63484 3276447.28982 187 276 188 367 373 187
231792.05366 3276198.89686 275 276 187 370 366 364
232000.48587 3275630.54225 273 277 275 369 371 365
232096.31408 3275393.75470 274 277 273 464 368 362
232061.92038 3276112.44961 275 278 276 371 375 367
232163.95512 3275832.57672 277 278 275 466 370 368
232023.78750 3276937.44514 188 279 189 373 377 189
232067.19719 3276668.65398 276 279 188 374 372 366
232320.12836 3276535.18927 276 280 279 375 379 373
232347.02361 3276331.57705 278 280 276 468 374 370
232301.30999 3277423.24668 189 281 151 377 381 190
232321.70739 3277122.04526 279 281 189 378 376 372
232584.41417 3276968.26946 279 282 281 379 388 377
232597.14022 3276746.26583 280 282 279 515 378 374
232503.93767 3277897.21629 151 283 150 381 383 109
232558.58832 3277583.12293 281 283 151 387 380 376
232653.45555 3278305.75588 150 284 149 383 384 107
232699.45349 3278114.03965 283 284 150 389 382 380
232892.89429 3278621.94949 284 59 149 386 -1 382
233322.94061 3278897.98006 59 285 237 386 433 292
233128.82600 3278589.96458 284 285 59 391 385 384
232781.68065 3277496.03061 281 286 283 388 390 381
232826.95560 3277156.55958 282 286 281 519 387 378
233014.47248 3277993.83276 283 287 284 390 392 383
232996.92720 3277623.01281 286 287 283 523 389 387
233261.51045 3278403.82635 284 288 285 392 435 386
233209.43591 3278102.78465 287 288 284 525 391 389
235468.99222 3282370.68323 34 289 33 394 396 -1
235181.13847 3282125.63674 230 289 34 410 393 277
235882.02042 3282414.20981 33 290 32 396 398 -1
235693.91782 3282301.08873 289 290 33 408 395 393
236410.31157 3282350.70801 32 291 31 398 399 -1
236215.54065 3282225.62941 290 291 32 405 397 395
236775.23371 3282142.30633 291 292 31 401 -1 397
236886.87903 3281730.71402 292 293 30 401 403 -1
236744.56600 3281959.16958 291 293 292 404 400 399
236717.29577 3281196.23055 30 294 29 403 419 -1
236652.36207 3281460.25594 293 294 30 406 402 400
236361.63792 3281823.75873 291 295 293 405 406 401
236196.84137 3281958.49759 290 295 291 407 404 398
236369.59348 3281571.55463 295 294 293 412 403 404
235889.84975 3281827.28493 290 296 295 408 413 405
235727.94621 3281922.14532 289 296 290 409 407 396
235424.12820 3281781.34942 289 297 296 410 415 408
235229.64053 3281887.11040 230 297 289 411 409 394
234922.74761 3281658.04969 231 297 230 417 410 279
236184.09843 3281402.48634 295 298 294 413 420 406
235918.63372 3281508.00153 296 298 295 414 412 407
235681.65966 3281338.10109 296 299 298 415 422 413
235462.87112 3281432.28352 297 299 296 416 414 409
235143.76018 3281254.24493 297 300 299 417 437 415
234942.85894 3281376.22399 231 300 297 418 416 411
234642.73886 3281235.35453 232 300 231 423 417 281
236541.80846 3281064.33090 294 301 29 420 724 402
236220.21540 3281213.51418 298 301 294 421 419 412
235988.09346 3280942.26037 298 302 301 422 722 420
235744.01421 3281014.18621 299 302 298 436 421 414
234588.05978 3281013.25291 232 303 300 424 439 418
234274.31023 3280934.09372 233 303 232 425 423 283
234230.67290 3280591.40659 233 304 303 426 440 424
234056.28266 3280518.30572 234 304 233 427 425 285
233977.14261 3280223.44922 234 305 304 428 442 426
233794.05218 3280158.38155 235 305 234 429 427 287
233671.71335 3279844.87342 236 305 235 430 428 289
233777.66084 3279669.13702 236 306 305 431 444 429
233602.45492 3279378.90725 237 306 236 432 430 291
233751.68624 3279121.99380 237 307 306 433 446 431
233595.67109 3278893.53510 285 307 237 434 432 385
233753.67198 3278598.94963 285 308 307 435 448 433
233653.80815 3278441.45565 288 308 285 527 434 391
235565.35186 3280870.06322 299 309 302 437 689 422
235184.63463 3281012.92000 300 309 299 438 436 416
234980.05393 3280726.63530 300 310 309 439 687 437
234765.11941 3280745.05251 303 310 300 440 438 423
234530.28173 3280463.56168 304 310 303 441 439 425
234572.96836 3280242.73967 304 311 310 442 685 440
234262.01942 3280015.45251 305 311 304 443 441 427
234262.75070 3279828.13444 305 312 311 444 684 442
234009.78179 3279630.45871 306 312 305 445 443 430
234139.75701 3279283.56355 306 313 312 446 682 444
234011.01648 3279115.75283 307 313 306 447 445 432
234137.48485 3278821.65480 307 314 313 448 680 446
234025.76276 3278632.40231 308 314 307 528 447 434
232991.73986 3271926.92015 254 315 255 450 452 324
233296.66493 3271758.18429 262 315 254 469 449 337
232714.08570 3272298.66281 255 316 256 452 454 326
232959.25015 3272191.05187 315 316 255 500 451 449
232456.86434 3272679.74086 256 317 257 454 455 328
232636.53944 3272609.52350 316 317 256 501 453 451
232348.27930 3273011.73073 317 258 257 457 330 453
232299.47406 3273481.10674 258 318 259 457 459 332
232464.11244 3273183.78058 317 318 258 503 456 455
232339.24701 3273964.61617 259 319 260 459 461 334
232468.32743 3273742.72628 318 319 259 505 458 456
232375.91725 3274445.81795 260 320 261 461 463 336
232491.82496 3274227.71145 319 320 260 507 460 458
232399.64002 3274917.98076 261 321 274 463 465 363
232507.57245 3274680.76733 320 321 261 509 462 460
232422.28836 3275358.24577 274 322 277 465 467 369
232525.48625 3275138.25399 321 322 274 511 464 462
232488.42405 3275810.71670 277 323 278 467 468 371
232580.26994 3275646.36558 322 323 277 513 466 464
232608.82776 3276135.58020 323 280 278 516 375 466
233504.98666 3271888.22274 262 324 315 470 498 450
233806.67069 3271727.11740 263 324 262 471 469 339
234028.15102 3271848.36281 263 325 324 472 496 470
234285.78622 3271700.13673 264 325 263 473 471 341
234532.95075 3271842.00110 264 326 325 474 494 472
234795.22501 3271681.65704 265 326 264 475 473 343
235056.20744 3271840.31998 265 327 326 476 492 474
235335.39736 3271650.93109 266 327 265 477 475 345
235553.12510 3271749.25884 266 328 327 478 490 476
235833.58730 3271566.16985 267 328 266 479 477 347
236037.12447 3271639.85019 267 329 328 480 488 478
236268.14847 3271473.98465 268 329 267 481 479 349
236516.55708 3271553.99379 268 330 329 482 486 480
236678.71561 3271444.89456 269 330 268 483 481 351
236955.60564 3271543.89360 270 330 269 484 482 353
237043.22296 3271769.17047 270 331 330 485 487 483
237247.00147 3271818.59640 271 331 270 611 484 355
236549.97545 3271898.23638 330 332 329 487 489 481
236814.75470 3271981.42666 331 332 330 609 486 484
236110.05930 3271964.17741 329 333 328 489 491 479
236337.81706 3272046.78306 332 333 329 607 488 486
235615.75795 3272051.72567 328 334 327 491 493 477
235859.87987 3272146.22180 333 334 328 605 490 488
235062.80741 3272105.28328 327 335 326 493 495 475
235372.54079 3272248.42883 334 335 327 593 492 490
234536.95897 3272131.66779 326 336 325 495 497 473
234847.21378 3272278.01353 335 336 326 544 494 492
234050.40680 3272140.55399 325 337 324 497 499 471
234317.13163 3272273.17328 336 337 325 542 496 494
233533.65242 3272187.08203 324 338 315 499 500 469
233763.14012 3272334.02078 337 338 324 537 498 496
233205.34619 3272374.33852 338 316 315 502 452 498
232923.87827 3272806.21124 316 339 317 502 504 454
233209.43204 3272593.50791 338 339 316 536 501 500
232694.19155 3273211.03323 317 340 318 504 506 457
232933.29707 3272997.28647 339 340 317 538 503 501
232746.02891 3273720.05132 318 341 319 506 508 459
232850.78663 3273548.97140 340 341 318 540 505 503
232792.63969 3274200.43060 319 342 320 508 510 461
232896.29440 3274010.35661 341 342 319 545 507 505
232838.29440 3274660.57454 320 343 321 510 512 463
232934.26231 3274471.50206 342 343 320 547 509 507
232850.99449 3275127.20611 321 344 322 512 514 465
232959.85333 3274906.09131 343 344 321 549 511 509
232843.39261 3275607.80099 322 345 323 514 518 467
232965.76853 3275323.67557 344 345 322 551 513 511
232865.58318 3276582.13477 280 346 282 516 520 379
232831.59167 3276199.98416 323 346 280 517 515 468
233035.96956 3276076.90657 323 347 346 518 522 516
233077.63405 3275849.72447 345 347 323 553 517 513
233113.52281 3277045.22790 282 348 286 520 524 388
233117.70545 3276700.13866 346 348 282 521 519 515
233336.61484 3276577.34186 346 349 348 522 531 520
233346.45867 3276268.23057 347 349 346 569 521 517
233298.80568 3277499.33808 286 350 287 524 526 390
233306.32092 3277174.13396 348 350 286 530 523 519
233529.06933 3277888.24449 287 351 288 526 527 392
233536.20635 3277668.88743 350 351 287 532 525 523
233791.34604 3278101.15700 351 308 288 529 435 525
234202.49867 3278352.55797 308 352 314 529 678 448
234024.79046 3278058.82990 351 352 308 534 528 527
233602.71197 3277052.31596 348 353 350 531 533 524
233591.66489 3276706.31672 349 353 348 573 530 521
233825.22967 3277496.67834 350 354 351 533 535 526
233780.09103 3277155.47848 353 354 350 577 532 530
234131.73057 3277879.43259 351 355 352 535 677 529
234026.53654 3277582.36512 354 355 351 579 534 532
233498.25099 3272791.24973 338 356 339 537 539 502
233793.43370 3272599.86516 337 356 338 541 536 499
233256.83224 3273186.43200 339 357 340 539 540 504
233481.96841 3273074.29257 356 357 339 554 538 536
233189.94750 3273508.29305 357 341 340 546 506 538
234026.04724 3272739.92146 337 358 356 542 555 537
234320.13114 3272571.75875 336 358 337 543 541 497
234573.46746 3272717.02999 336 359 358 544 565 542
234853.59703 3272550.33256 335 359 336 592 543 495
233196.79833 3273986.30196 341 360 342 546 548 508
233336.65632 3273681.42396 357 360 341 556 545 540
233265.13972 3274438.68553 342 361 343 548 550 510
233364.56088 3274236.88381 360 361 342 558 547 545
233296.54756 3274890.69892 343 362 344 550 552 512
233399.44501 3274707.04963 361 362 343 560 549 547
233320.61339 3275343.19766 344 363 345 552 553 514
233424.61998 3275194.54877 362 363 344 562 551 549
233396.10726 3275674.48252 363 347 345 570 518 551
233756.79069 3273247.30276 356 364 357 555 557 539
234054.34304 3273008.99920 358 364 356 564 554 541
233569.49655 3273680.59995 357 365 360 557 559 546
233785.42259 3273441.43623 364 365 357 566 556 554
233657.02160 3274191.80855 360 366 361 559 561 548
233750.40167 3274014.42899 365 366 360 568 558 556
233725.70305 3274691.55786 361 367 362 561 563 550
233828.29636 3274470.08253 366 367 361 585 560 558
233731.55426 3275178.23272 362 368 363 563 572 552
233854.79018 3274918.05724 367 368 362 587 562 560
234323.28092 3273154.85135 358 369 364 565 567 555
234575.75564 3273000.68553 359 369 358 594 564 543
234132.39801 3273609.20500 364 370 365 567 568 557
234333.27404 3273498.56836 369 370 364 596 566 564
234087.58121 3273949.98264 370 366 365 586 559 566
233595.59231 3276130.87616 347 371 349 570 574 522
233603.04119 3275767.98442 363 371 347 571 569 553
233786.90870 3275685.07271 363 372 371 572 576 570
233892.31677 3275415.14133 368 372 363 589 571 562
233833.03544 3276574.59528 349 373 353 574 578 531
233835.92724 3276274.13596 371 373 349 575 573 569
234122.60792 3276120.25630 371 374 373 576 582 574
234124.08412 3275918.48955 372 374 371 591 575 571
234091.74030 3276995.50990 353 375 354 578 580 533
234072.36076 3276706.45274 373 375 353 581 577 573
234327.58513 3277346.36620 354 376 355 580 675 535
234306.08855 3277127.52967 375 376 354 583 579 577
234354.57283 3276532.10201 373 377 375 582 584 578
234351.84401 3276294.21088 374 377 373 614 581 575
234597.64799 3276938.98290 375 378 376 584 673 580
234601.34902 3276711.47525 377 378 375 618 583 581
234124.07694 3274429.49533 366 379 367 586 588 561
234248.14294 3274113.58717 370 379 366 598 585 568
234178.02385 3274911.75465 367 380 368 588 590 563
234297.07132 3274658.42145 379 380 367 600 587 585
234259.27997 3275361.08990 368 381 372 590 591 572
234342.45731 3275190.65041 380 381 368 602 589 587
234404.04635 3275681.62334 381 374 372 615 576 589
235116.49333 3272723.13399 335 382 359 593 595 544
235408.90998 3272541.25114 334 382 335 604 592 493
234853.70934 3273163.61152 359 383 369 595 597 565
235120.62396 3272966.36219 382 383 359 622 594 592
234599.38708 3273610.98259 369 384 370 597 599 567
234861.92275 3273390.10342 383 384 369 624 596 594
234462.31094 3274099.07279 370 385 379 599 601 586
234658.23367 3273857.18063 384 385 370 626 598 596
234598.62274 3274619.48390 379 386 380 601 603 588
234681.42071 3274419.29480 385 386 379 628 600 598
234596.90541 3275136.66976 380 387 381 603 617 590
234737.78451 3274832.21642 386 387 380 651 602 600
235643.42285 3272653.20458 334 388 382 605 623 593
235913.36602 3272447.79345 333 388 334 606 604 491
236163.10884 3272545.34914 333 389 388 607 630 605
236393.22628 3272356.28432 332 389 333 608 606 489
236658.32990 3272453.93756 332 390 389 609 632 607
236879.36040 3272258.77387 331 390 332 610 608 487
237150.75249 3272345.77983 331 391 390 611 634 609
237365.76245 3272114.60007 271 391 331 612 610 485
237626.38512 3272162.37419 271 392 391 613 636 611
237839.24211 3271912.19562 86 392 271 922 612 356
234662.42435 3276125.70668 374 393 377 615 619 582
234620.14057 3275745.44761 381 393 374 616 614 591
234821.60076 3275623.80224 381 394 393 617 621 615
234862.24593 3275374.60052 387 394 381 653 616 602
234869.15120 3276558.88060 377 395 378 619 671 584
234868.69874 3276238.38374 393 395 377 620 618 614
235125.00823 3276119.48551 393 396 395 621 669 619
235132.72265 3275792.40495 394 396 393 660 620 616
235415.84197 3273153.39308 382 397 383 623 625 595
235706.27710 3272938.84368 388 397 382 629 622 604
235167.04238 3273559.02823 383 398 384 625 627 597
235423.63300 3273370.57979 397 398 383 637 624 622
235009.91848 3273972.00008 384 399 385 627 628 599
235174.13253 3273846.61778 398 399 384 639 626 624
235008.97056 3274316.95523 399 386 385 649 601 626
235944.14030 3273048.76940 388 400 397 630 638 623
236220.06935 3272837.41703 389 400 388 631 629 606
236474.67103 3272933.91132 389 401 400 632 642 630
236713.19690 3272732.37427 390 401 389 633 631 608
236993.83915 3272830.81079 390 402 401 634 644 632
237227.26423 3272609.98699 391 402 390 635 633 610
237506.55522 3272694.50975 391 403 402 636 691 634
237735.13142 3272449.90957 392 403 391 920 635 612
235707.24887 3273553.50854 397 404 398 638 640 625
236008.92270 3273344.01955 400 404 397 641 637 629
235506.42712 3273967.48960 398 405 399 640 650 627
235711.60952 3273809.02218 404 405 398 645 639 637
236225.22665 3273450.81351 400 406 404 642 646 638
236541.11382 3273237.03880 401 406 400 643 641 631
236759.09770 3273333.48033 401 407 406 644 648 642
237054.52282 3273115.29866 402 407 401 690 643 633
236020.34897 3273955.96575 404 408 405 646 655 640
236288.30821 3273744.00012 406 408 404 647 645 641
236537.09739 3273857.48744 406 409 408 648 662 646
236828.82391 3273630.71170 407 409 406 692 647 643
235204.27551 3274469.54007 399 410 386 650 652 628
235523.40910 3274257.40985 405 410 399 654 649 639
235058.98548 3274852.28699 386 411 387 652 653 603
235222.42428 3274666.84966 410 411 386 656 651 649
235141.87294 3275209.26155 411 394 387 658 617 651
235786.02254 3274408.68797 405 412 410 655 657 650
236052.44273 3274239.99952 408 412 405 661 654 645
235579.31826 3274830.31577 410 413 411 657 659 652
235784.77121 3274694.93825 412 413 410 663 656 654
235355.06479 3275290.91103 411 414 394 659 660 653
235567.97393 3275157.71617 413 414 411 665 658 656
235392.95132 3275649.06626 414 396 394 667 621 658
236300.28613 3274366.95978 408 415 412 662 664 655
236597.29552 3274142.02385 409 415 408 694 661 647
236070.38096 3274839.03431 412 416 413 664 666 657
236345.37280 3274636.58425 415 416 412 696 663 661
235853.27230 3275278.18621 413 417 414 666 668 659
236092.65307 3275104.57851 416 417 413 698 665 663
235612.16400 3275761.85887 414 418 396 668 670 660
235886.89724 3275571.97231 417 418 414 700 667 665
235371.40935 3276258.43041 396 419 395 670 672 620
235663.02800 3276049.69048 418 419 396 702 669 667
235116.99100 3276698.70100 395 420 378 672 674 618
235398.05461 3276519.81997 419 420 395 704 671 669
234851.66167 3277122.55058 378 421 376 674 676 583
235123.57022 3276979.08479 420 421 378 706 673 671
234611.06256 3277532.11722 376 422 355 676 677 579
234827.13940 3277444.32348 421 422 376 708 675 673
234517.76984 3277866.28570 422 352 355 679 534 675
234486.12355 3278369.64722 352 423 314 679 681 528
234649.26633 3278041.94166 422 423 352 710 678 677
234476.00033 3278836.95268 314 424 313 681 683 447
234603.60189 3278569.95181 423 424 314 712 680 678
234475.02927 3279289.97576 313 425 312 683 684 445
234606.67631 3279101.80279 424 425 313 714 682 680
234570.06888 3279618.58092 425 311 312 686 443 682
234795.58451 3280122.88513 311 426 310 686 688 441
234773.96965 3279696.20986 425 426 311 716 685 684
235155.06432 3280450.25104 310 427 309 688 689 438
235098.33558 3280227.02028 426 427 310 718 687 685
235549.10969 3280556.31573 427 302 309 720 436 687
237305.30016 3273224.18400 402 428 407 691 693 644
237592.71297 3272967.03737 403 428 402 887 690 635
237078.99862 3273738.25707 407 429 409 693 695 648
237370.39407 3273481.90554 428 429 407 881 692 690
236850.03594 3274258.90427 409 430 415 695 697 662
237147.93967 3274003.83690 429 430 409 875 694 692
236607.76047 3274772.78021 415 431 416 697 699 664
236911.50340 3274519.09657 430 431 415 869 696 694
236368.18932 3275244.73221 416 432 417 699 701 666
236656.87970 3275027.34335 431 432 416 839 698 696
236141.79542 3275687.65221 417 433 418 701 703 668
236391.51713 3275510.83919 432 433 417 837 700 698
235901.50370 3276166.25446 418 434 419 703 705 670
236169.71486 3275980.54919 433 434 418 835 702 700
235630.83631 3276664.30350 419 435 420 705 707 672
235952.31618 3276473.88084 434 435 419 833 704 702
235390.14326 3277144.20090 420 436 421 707 709 674
235654.58843 3276976.32416 435 436 420 831 706 704
235023.45947 3277559.25841 421 437 422 709 711 676
235378.38363 3277373.28815 436 437 421 763 708 706
234933.87541 3278055.64961 422 438 423 711 713 679
235088.83082 3277882.49505 437 438 422 762 710 708
234935.16261 3278582.52720 423 439 424 713 715 681
235065.27007 3278389.05094 438 439 423 760 712 710
234903.55769 3279100.60044 424 440 425 715 717 683
235046.88422 3278861.33351 439 440 424 758 714 712
234966.59522 3279602.45277 425 441 426 717 719 686
235045.23748 3279326.49664 440 441 425 756 716 714
235292.89244 3280013.20568 426 442 427 719 721 688
235271.46811 3279799.01845 441 442 426 755 718 716
235716.74080 3280410.60971 427 443 302 721 723 689
235649.58247 3280105.14919 442 443 427 753 720 718
236126.28554 3280679.29184 302 444 301 723 724 421
236043.01065 3280479.92989 443 444 302 749 722 720
236506.44585 3280750.73521 444 29 301 726 419 722
236914.09954 3280630.95416 29 445 28 726 728 -1
236670.84033 3280599.04889 444 445 29 748 725 724
237384.00852 3280396.38787 28 447 446 728 730 -1
237136.73499 3280365.37700 445 447 28 750 727 725
237901.65235 3280273.72448 446 449 448 730 732 -1
237568.32291 3280187.32032 447 449 446 773 729 727
238300.37868 3280151.09546 448 450 27 732 734 -1
238072.47353 3280120.12654 449 450 448 775 731 729
238748.47681 3279903.10961 27 451 26 734 736 -1
238514.40735 3279880.71568 450 451 27 777 733 731
239165.15416 3279627.46798 26 453 452 736 738 -1
238931.48352 3279615.18740 451 453 26 779 735 733
239588.68100 3279384.22839 452 455 454 738 740 -1
239341.56421 3279366.29944 453 455 452 781 737 735
239987.23053 3279175.41959 454 456 25 740 742 -1
239770.10378 3279154.36669 455 456 454 783 739 737
240420.10423 3278986.20788 25 457 24 742 743 -1
240223.49218 3278930.23696 456 457 25 785 741 739
240689.06189 3278780.90295 457 191 24 745 194 741
240953.50220 3278443.22827 191 458 193 745 747 199
240697.53512 3278598.17913 457 458 191 787 744 743
241143.13839 3278074.42794 193 459 195 747 1212 203
240970.84340 3278171.65984 458 459 193 789 746 744
236563.75280 3280247.84281 444 460 445 749 751 726
236231.06494 3280196.61788 443 460 444 752 748 723
236995.68121 3280071.97128 445 461 447 751 774 728
236747.24989 3280041.80400 460 461 445 764 750 748
236142.52320 3279959.18100 443 462 460 753 765 749
235849.43670 3279874.36830 442 462 443 754 752 721
235763.57067 3279633.05385 442 463 462 755 767 753
235534.00874 3279566.42589 441 463 442 756 754 719
235416.03555 3279293.07456 440 463 441 757 755 717
235509.74657 3279107.61570 440 464 463 758 768 756
235390.64698 3278867.40684 439 464 440 759 757 715
235526.13997 3278607.91756 439 465 464 760 770 758
235413.70047 3278396.02972 438 465 439 761 759 713
235545.41018 3278112.89690 438 466 465 762 772 760
235450.73652 3277933.40331 437 466 438 763 761 711
235609.51403 3277602.70359 436 466 437 829 762 709
236629.51709 3279752.44408 460 467 461 765 792 751
236349.05547 3279709.41016 462 467 460 766 764 752
236232.96536 3279404.51987 462 468 467 767 794 765
235991.77687 3279368.67021 463 468 462 768 766 754
235859.11164 3279095.65455 464 468 463 769 767 757
235972.88729 3278874.80026 464 469 468 770 795 768
235848.58159 3278633.22796 465 469 464 771 769 759
236001.14902 3278379.76083 465 470 469 772 797 770
235880.34492 3278137.61425 466 470 465 828 771 761
237505.97484 3279911.00035 447 471 449 774 776 730
237186.53756 3279854.76785 461 471 447 791 773 750
237956.37991 3279760.45750 449 472 450 776 778 732
237652.51972 3279741.03081 471 472 449 798 775 773
238365.29556 3279609.95113 450 473 451 778 780 734
238106.18047 3279590.88945 472 473 450 800 777 775
238782.72703 3279385.50535 451 474 453 780 782 736
238551.85488 3279367.85316 473 474 451 802 779 777
239205.84402 3279124.39137 453 475 455 782 784 738
238959.82067 3279110.71625 474 475 453 804 781 779
239633.69144 3278890.57404 455 476 456 784 786 740
239360.87393 3278886.40285 475 476 455 806 783 781
240111.30358 3278671.77432 456 477 457 786 788 742
239763.39046 3278676.82590 476 477 456 808 785 783
240488.51205 3278431.09963 457 478 458 788 790 745
240194.96308 3278495.78716 477 478 457 810 787 785
240714.53035 3278031.41795 458 479 459 790 1211 747
240549.61809 3278104.76656 478 479 458 812 789 787
237097.71975 3279570.64614 461 480 471 792 799 774
236810.53059 3279518.87902 467 480 461 793 791 764
236695.75695 3279219.93130 467 481 480 794 814 792
236452.76157 3279183.88738 468 481 467 795 793 766
236317.36237 3278867.45064 469 481 468 796 794 769
236436.22636 3278672.07812 469 482 481 797 815 795
236314.34326 3278398.38843 470 482 469 840 796 771
237542.29836 3279399.69796 471 483 472 799 801 776
237284.42226 3279366.28110 480 483 471 813 798 791
237993.23697 3279264.84456 472 484 473 801 803 778
237712.66603 3279226.91847 483 484 472 816 800 798
238411.66635 3279105.10333 473 485 474 803 805 780
238164.02858 3279077.81909 484 485 473 818 802 800
238816.28941 3278878.72707 474 486 475 805 807 782
238600.40568 3278860.39545 485 486 474 820 804 802
239218.66520 3278629.33798 475 487 476 807 809 784
238999.64407 3278616.81816 486 487 475 822 806 804
239625.70417 3278398.39460 476 488 477 809 811 786
239401.35797 3278381.72303 487 488 476 824 808 806
240028.98032 3278179.29333 477 489 478 811 812 788
239827.48457 3278156.10751 488 489 477 826 810 808
240250.84524 3277950.25075 489 479 478 1060 790 810
237140.72190 3279021.01819 480 490 483 814 817 799
236918.19305 3278995.99605 481 490 480 815 813 793
236773.23540 3278667.31903 482 490 481 852 814 796
237642.90965 3278977.34055 483 491 484 817 819 801
237320.45577 3278855.95023 490 491 483 854 816 813
238053.47948 3278760.69273 484 492 485 819 821 803
237849.85928 3278733.08221 491 492 484 856 818 816
238447.74122 3278586.40462 485 493 486 821 823 805
238235.97379 3278569.65252 492 493 485 892 820 818
238842.49607 3278365.62021 486 494 487 823 825 807
238644.50962 3278352.71591 493 494 486 897 822 820
239247.85558 3278123.49975 487 495 488 825 827 809
239040.72690 3278108.43013 494 495 487 899 824 822
239679.38299 3277880.75645 488 496 489 827 1061 811
239443.46293 3277857.02127 495 496 488 901 826 824
236041.37514 3277887.59488 466 497 470 829 841 772
235865.17781 3277566.50225 436 497 466 830 828 763
236003.20104 3277356.02047 436 498 497 831 843 829
235935.27988 3277109.79137 435 498 436 832 830 707
236200.33420 3276846.63747 435 499 498 833 845 831
236146.80043 3276579.38008 434 499 435 834 832 705
236455.70775 3276389.94448 434 500 499 835 847 833
236414.95378 3276094.53306 433 500 434 836 834 703
236669.59973 3275918.99811 433 501 500 837 849 835
236649.38444 3275645.14995 432 501 433 838 836 701
236937.60641 3275460.85611 432 502 501 839 851 837
236887.34987 3275150.73953 431 502 432 868 838 699
236464.45003 3278161.86024 470 503 482 841 853 797
236319.91079 3277899.32244 497 503 470 842 840 828
236477.37945 3277649.79495 497 504 503 843 858 841
236388.37050 3277409.29277 498 504 497 844 842 830
236550.50721 3277192.12803 498 505 504 845 861 843
236490.15190 3276962.50658 499 505 498 846 844 832
236713.53515 3276729.68028 499 506 505 847 863 845
236661.78679 3276492.25010 500 506 499 848 846 834
236951.68471 3276285.18987 500 507 506 849 865 847
236917.09871 3276054.67245 501 507 500 850 848 836
237192.41354 3275840.88382 501 508 507 851 867 849
237144.84334 3275569.50205 502 508 501 870 850 838
236901.41653 3278462.79854 482 509 490 853 855 815
236685.12957 3278165.21020 503 509 482 857 852 840
237334.50959 3278517.54708 490 510 491 855 856 817
237187.53590 3278405.02363 509 510 490 859 854 852
237657.12909 3278437.85225 510 492 491 893 819 854
236885.43568 3277901.58828 503 511 509 858 859 853
236827.37600 3277710.05517 504 511 503 860 857 842
237218.39284 3278029.13996 511 510 509 895 855 857
236967.45156 3277508.71473 504 512 511 861 896 858
236897.34851 3277258.32496 505 512 504 862 860 844
237049.91340 3277065.47011 505 513 512 863 910 861
237000.92648 3276839.86503 506 513 505 864 862 846
237193.08818 3276640.33214 506 514 513 865 913 863
237129.35617 3276385.48492 507 514 506 866 864 848
237456.35521 3276194.34021 507 515 514 867 914 865
237455.21785 3275983.03195 508 515 507 872 866 850
237173.80483 3274975.60746 431 516 502 869 871 839
237164.30415 3274637.39478 430 516 431 874 868 697
237429.31725 3275399.15443 502 517 508 871 873 851
237433.49477 3275116.45371 516 517 502 876 870 868
237690.78591 3275827.83348 508 518 515 873 936 867
237668.62169 3275545.72057 517 518 508 878 872 870
237419.61808 3274506.29692 430 519 516 875 877 869
237403.10276 3274115.08807 429 519 430 880 874 695
237686.54490 3274968.34719 516 520 517 877 879 871
237669.64819 3274621.61542 519 520 516 882 876 874
237949.56592 3275361.79229 517 521 518 879 940 873
237918.33072 3275093.85714 520 521 517 884 878 876
237645.01365 3273984.43195 429 522 519 881 883 875
237634.46551 3273597.53404 428 522 429 886 880 693
237917.61541 3274483.79074 519 523 520 883 885 877
237904.41372 3274099.31722 522 523 519 888 882 880
238197.33291 3274924.57822 520 524 521 885 943 879
238174.81219 3274594.92035 523 524 520 890 884 882
237881.11169 3273462.99918 428 525 522 887 889 881
237848.70462 3273060.71027 403 525 428 919 886 691
238156.22103 3273962.40667 522 526 523 889 891 883
238121.20579 3273562.34527 525 526 522 927 888 886
238425.50413 3274451.16319 523 527 524 891 945 885
238393.59688 3274061.68716 526 527 523 929 890 888
238093.47876 3278241.18224 492 528 493 893 898 821
237758.96468 3278256.96063 510 528 492 894 892 856
237634.41133 3277962.08528 510 529 528 895 904 893
237382.93611 3277906.80746 511 529 510 896 894 859
237316.28235 3277558.88276 512 529 511 909 895 860
238496.46517 3278078.95661 493 530 494 898 900 823
238219.88405 3278064.64803 528 530 493 903 897 892
238883.59276 3277855.16182 494 531 495 900 902 825
238667.27626 3277843.61172 530 531 494 905 899 897
239292.28931 3277599.42468 495 532 496 902 1063 827
239072.98022 3277585.97287 531 532 495 907 901 899
238119.61631 3277798.91219 528 533 530 904 906 898
237835.26210 3277748.89851 529 533 528 911 903 894
238542.86634 3277632.08209 530 534 531 906 908 900
238277.55847 3277593.18948 533 534 530 915 905 903
238896.94148 3277326.40658 531 535 532 908 1065 902
238726.12940 3277327.77774 534 535 531 918 907 905
237463.38523 3277390.45679 512 536 529 910 911 896
237394.44859 3277141.80415 513 536 512 912 909 862
237753.44090 3277448.38709 536 533 529 916 904 909
237570.55586 3276899.63976 513 537 536 913 917 910
237508.23732 3276721.94517 514 537 513 914 912 864
237685.24799 3276425.31153 515 537 514 932 913 866
238177.64958 3277290.67682 533 538 534 916 918 906
237982.62216 3277229.17736 536 538 533 917 915 911
237894.61672 3276986.83840 537 538 536 931 916 912
238481.02139 3277091.83935 538 535 534 933 908 915
238100.23637 3272909.60848 403 539 525 920 928 887
238023.12643 3272506.78720 392 539 403 921 919 636
238181.69982 3272366.74266 392 540 539 922 955 920
238148.63104 3271998.80550 86 540 392 923 921 613
238305.49338 3271880.83401 86 541 540 924 957 922
238317.10362 3271552.20684 87 541 86 925 923 -1
238640.98073 3271450.15327 87 543 541 926 958 924
238708.69235 3271246.50422 542 543 87 971 925 -1
238398.43781 3273410.25762 525 544 526 928 930 889
238321.43634 3272980.48294 539 544 525 954 927 919
238666.13229 3273914.19484 526 545 527 930 947 891
238602.98226 3273486.50044 544 545 526 959 929 927
238090.73874 3276716.79919 537 546 538 932 934 917
237860.52471 3276402.42457 515 546 537 935 931 914
238499.99533 3276916.14705 538 547 535 934 1066 918
238317.83590 3276708.02965 546 547 538 937 933 931
237990.90650 3276214.59374 515 548 546 936 938 932
237914.69661 3275922.17100 518 548 515 939 935 872
238450.72983 3276387.13755 546 549 547 938 1068 934
238347.38591 3276224.59538 548 549 546 941 937 935
238202.51445 3275717.97947 518 550 548 940 941 936
238190.44670 3275509.79288 521 550 518 942 939 878
238457.00726 3275904.50412 550 549 548 948 938 939
238484.65854 3275303.13151 521 551 550 943 949 940
238459.08573 3275069.15794 524 551 521 944 942 884
238704.14802 3274868.56129 524 552 551 945 951 943
238658.72412 3274550.40635 527 552 524 946 944 890
238934.02122 3274384.43949 527 553 552 947 953 945
238874.17563 3273995.01251 545 553 527 963 946 929
238680.85709 3275845.05131 550 554 549 949 1069 941
238751.38166 3275467.50371 551 554 550 950 948 942
239002.61042 3275372.58192 551 555 554 951 1112 949
239004.00392 3274985.38720 552 555 551 952 950 944
239200.98058 3274847.24032 552 556 555 953 1110 951
239158.26098 3274478.75380 553 556 552 965 952 946
238579.48478 3272826.51137 539 557 544 955 960 928
238531.11969 3272445.28795 540 557 539 956 954 921
238739.43969 3272252.17459 540 558 557 957 962 955
238666.85267 3272000.49468 541 558 540 958 956 923
238857.07066 3271731.55976 543 558 541 1013 957 925
238883.79401 3273335.78799 544 559 545 960 964 930
238825.65484 3272910.58583 557 559 544 961 959 954
239075.51258 3272760.62496 557 560 559 962 968 960
239021.04192 3272334.25870 558 560 557 1014 961 956
239163.29570 3273837.91487 545 561 553 964 966 947
239094.99205 3273415.45918 559 561 545 967 963 959
239430.72037 3274319.47732 553 562 556 966 1108 953
239367.38022 3273916.48045 561 562 553 969 965 963
239376.63521 3273261.57684 559 563 561 968 970 964
239323.07381 3272846.11339 560 563 559 1021 967 961
239651.28374 3273762.58474 561 564 562 970 1106 966
239596.83938 3273347.83766 563 564 561 1042 969 967
239008.52501 3271187.85429 542 565 543 972 1011 926
239076.43008 3270842.94605 88 565 542 973 971 -1
239275.15657 3270772.41372 88 566 565 974 1009 972
239365.78240 3270552.21580 0 566 88 975 973 -1
239675.01659 3270533.52349 0 568 566 976 1008 974
239806.28553 3270340.40369 567 568 0 977 975 -1
240157.77526 3270471.30826 567 570 568 978 1006 976
240302.67811 3270347.56183 569 570 567 979 977 -1
240585.84228 3270441.19329 569 571 570 980 1004 978
240784.03182 3270278.41249 1 571 569 981 979 -1
241046.17347 3270374.98840 1 573 571 982 1002 980
241271.29913 3270195.10854 572 573 1 983 981 -1
241526.70330 3270291.98876 572 574 573 984 1000 982
241747.12597 3270109.87286 2 574 572 985 983 -1
242007.28449 3270205.94173 2 576 574 986 998 984
242223.02617 3270026.08432 575 576 2 987 985 -1
242488.09347 3270123.29878 575 577 576 988 996 986
242704.02164 3269933.97687 3 577 575 989 987 -1
242977.72646 3270023.24760 3 579 577 990 993 988
243196.07441 3269780.45582 578 579 3 991 989 -1
243440.48075 3269829.65014 580 579 578 992 990 -1
243547.33048 3270110.68688 581 579 580 994 991 -1
243064.50161 3270322.94995 579 582 577 994 997 989
243336.91696 3270360.36668 581 582 579 995 993 992
243456.44300 3270579.89401 583 582 581 1039 994 -1
242541.92246 3270410.04831 577 584 576 997 999 987
242893.17805 3270500.17047 582 584 577 1037 996 993
242056.72343 3270485.58482 576 585 574 999 1001 985
242355.10499 3270584.99700 584 585 576 1035 998 996
241576.99958 3270569.27067 574 586 573 1001 1003 983
241848.59662 3270665.23284 585 586 574 1033 1000 998
241103.49725 3270675.71615 573 587 571 1003 1005 981
241349.37278 3270763.06994 586 587 573 1031 1002 1000
240617.97191 3270731.79799 571 588 570 1005 1007 979
240875.14018 3270846.79110 587 588 571 1028 1004 1002
240129.15177 3270778.55795 570 589 568 1007 1008 977
240334.12352 3270927.60595 588 589 570 1020 1006 1004
239846.87815 3270850.41815 589 566 568 1010 975 1006
239501.09406 3271011.46889 566 590 565 1010 1012 973
239763.44808 3270986.35031 589 590 566 1018 1009 1008
239186.72168 3271346.46347 565 591 543 1012 1013 971
239359.67310 3271315.34231 590 591 565 1017 1011 1009
239064.35978 3271712.70076 591 558 543 1015 958 1011
239232.47131 3272200.21988 558 592 560 1015 1022 962
239265.06706 3271890.84187 591 592 558 1016 1014 1013
239619.04777 3271753.21769 591 593 592 1017 1024 1015
239638.95260 3271538.42655 590 593 591 1018 1016 1012
239911.24394 3271331.02631 589 593 590 1019 1017 1010
240085.74268 3271368.92939 589 594 593 1020 1026 1018
240350.06009 3271119.08084 588 594 589 1027 1019 1007
239535.90556 3272718.26416 560 595 563 1022 1043 968
239576.47239 3272375.68830 592 595 560 1023 1021 1014
239768.39642 3272270.39147 592 596 595 1024 1045 1022
239826.84068 3271943.77067 593 596 592 1025 1023 1016
240133.48673 3271860.05223 593 597 596 1026 1047 1024
240217.53805 3271662.99462 594 597 593 1029 1025 1019
240665.81495 3271302.10087 588 598 594 1028 1029 1020
240905.45972 3271194.89433 587 598 588 1030 1027 1005
240601.38667 3271623.16180 598 597 594 1049 1026 1027
241123.06580 3271300.10284 587 599 598 1031 1051 1028
241416.30420 3271048.12637 586 599 587 1032 1030 1003
241675.43421 3271138.91372 586 600 599 1033 1053 1031
241897.31781 3270940.25216 585 600 586 1034 1032 1001
242175.45141 3271036.33239 585 601 600 1035 1055 1033
242394.61733 3270863.28786 584 601 585 1036 1034 999
242616.20580 3270959.43159 584 602 601 1037 1057 1035
242919.69769 3270745.00747 582 602 584 1038 1036 997
243150.33136 3270921.08183 582 603 602 1039 1058 1037
243326.20513 3270892.89066 583 603 582 1040 1038 995
243514.96758 3271057.44488 4 603 583 1041 1039 -1
243447.83572 3271423.98831 244 603 4 1059 1040 302
239845.23516 3273211.83846 563 604 564 1043 1104 970
239866.60237 3272881.15881 595 604 563 1044 1042 1021
240037.54071 3272772.48027 595 605 604 1045 1087 1043
240036.26341 3272428.28837 596 605 595 1046 1044 1023
240321.00343 3272295.88990 596 606 605 1047 1085 1045
240357.45799 3272141.80923 597 606 596 1048 1046 1025
240647.79457 3272026.15984 597 607 606 1049 1084 1047
240700.07110 3271746.92793 598 607 597 1050 1048 1029
241075.54262 3271717.49133 598 608 607 1051 1082 1049
241191.27399 3271521.69593 599 608 598 1052 1050 1030
241543.02138 3271603.42493 599 609 608 1053 1080 1051
241741.93251 3271414.63101 600 609 599 1054 1052 1032
242002.53075 3271498.26981 600 610 609 1055 1078 1053
242213.02334 3271331.54939 601 610 600 1056 1054 1034
242556.17866 3271456.20148 601 611 610 1057 1076 1055
242703.37612 3271278.34758 602 611 601 1058 1056 1036
243012.49982 3271280.60120 603 611 602 1059 1057 1038
243211.21189 3271518.56916 244 611 603 1074 1058 1041
240229.48596 3277722.45678 489 612 479 1061 1209 812
239889.20245 3277597.91113 496 612 489 1062 1060 826
239807.17068 3277346.26234 496 613 612 1063 1119 1061
239484.30136 3277328.19209 532 613 496 1064 1062 901
239301.82723 3277036.42950 532 614 613 1065 1118 1063
239083.61005 3277049.29571 535 614 532 1066 1064 907
238863.86318 3276774.51474 547 614 535 1067 1065 933
238918.03823 3276566.38074 547 615 614 1068 1116 1066
238786.64888 3276385.20348 549 615 547 1069 1067 937
238903.66675 3276018.16589 554 615 549 1114 1068 948
243880.24064 3272420.95505 8 616 243 1071 1073 300
243844.05829 3272851.85166 9 616 8 1088 1070 -1
243653.60361 3271993.72074 243 617 244 1073 1075 303
243712.92696 3272312.45105 616 617 243 1090 1072 1070
243153.08735 3271708.43847 244 618 611 1075 1077 1059
243286.14370 3271930.26220 617 618 244 1092 1074 1072
242579.69978 3271635.63015 611 619 610 1077 1079 1056
242789.50100 3271803.41012 618 619 611 1093 1076 1074
242072.64798 3271829.35712 610 620 609 1079 1081 1054
242267.56962 3271881.01958 619 620 610 1095 1078 1076
241614.20272 3271920.91938 609 621 608 1081 1083 1052
241859.57364 3271995.30987 620 621 609 1140 1080 1078
241182.73035 3272057.88931 608 622 607 1083 1084 1050
241358.46242 3272111.76428 621 622 608 1138 1082 1080
240905.92958 3272242.81294 622 606 607 1086 1048 1082
240569.32926 3272596.80215 606 623 605 1086 1087 1046
240867.08513 3272548.65397 622 623 606 1136 1085 1084
240384.45394 3272877.92551 623 604 605 1105 1044 1085
243578.57425 3272938.87819 9 624 616 1089 1091 1071
243518.00560 3273318.13432 239 624 9 1099 1088 293
243359.69458 3272492.72095 616 625 617 1091 1092 1073
243317.30702 3272757.66736 624 625 616 1097 1090 1088
243124.07565 3272260.86243 625 618 617 1094 1075 1090
242744.62275 3272160.78159 618 626 619 1094 1095 1077
242884.12774 3272292.76047 625 626 618 1096 1093 1092
242407.68982 3272208.21215 626 620 619 1141 1079 1093
242792.96231 3272658.39501 625 627 626 1097 1143 1094
243100.92048 3272849.36492 624 627 625 1098 1096 1091
243026.91995 3273136.42894 624 628 627 1099 1148 1097
243250.09620 3273396.70164 239 628 624 1100 1098 1089
243160.33741 3273602.38492 239 629 628 1101 1151 1099
243294.03901 3273881.78316 241 629 239 1102 1100 295
243032.06502 3274128.15895 241 630 629 1103 1152 1101
243054.60958 3274330.26888 242 630 241 1173 1102 297
240147.81360 3273369.22346 604 631 564 1105 1107 1042
240447.29542 3273084.27224 623 631 604 1134 1104 1087
239864.81151 3273847.22811 564 632 562 1107 1109 969
240187.57021 3273591.56164 631 632 564 1132 1106 1104
239655.60460 3274409.57280 562 633 556 1109 1111 965
239962.99134 3274148.96016 632 633 562 1130 1108 1106
239448.15364 3274930.88102 556 634 555 1111 1113 952
239739.36900 3274682.91200 633 634 556 1128 1110 1108
239219.57144 3275487.31662 555 635 554 1113 1115 950
239548.19050 3275241.61371 634 635 555 1126 1112 1110
239150.98255 3275976.20689 554 636 615 1115 1117 1069
239290.92985 3275759.50288 635 636 554 1124 1114 1112
239285.19117 3276492.79861 615 637 614 1117 1118 1067
239361.27651 3276311.84057 636 637 615 1122 1116 1114
239460.62753 3276796.23442 637 613 614 1120 1064 1116
239929.28643 3277167.65112 613 638 612 1120 1207 1062
239738.36044 3276780.26701 637 638 613 1121 1119 1118
239885.22278 3276582.23334 637 639 638 1122 1203 1120
239693.14169 3276239.31576 636 639 637 1123 1121 1117
239789.60163 3276044.31877 636 640 639 1124 1196 1122
239685.63447 3275818.55372 635 640 636 1125 1123 1115
239848.13701 3275537.18584 635 641 640 1126 1194 1124
239755.20286 3275311.31644 634 641 635 1127 1125 1113
240020.16583 3275050.84541 634 642 641 1128 1186 1126
239959.94313 3274781.23282 633 642 634 1129 1127 1111
240238.10088 3274589.44652 633 643 642 1130 1177 1128
240180.57901 3274231.79928 632 643 633 1131 1129 1109
240432.83939 3274088.22736 632 644 643 1132 1157 1130
240431.99709 3273727.93380 631 644 632 1133 1131 1107
240719.49610 3273598.80140 631 645 644 1134 1155 1132
240698.71851 3273198.86391 623 645 631 1135 1133 1105
240952.29160 3273075.11207 623 646 645 1136 1153 1134
241030.97715 3272699.11502 622 646 623 1137 1135 1086
241301.54328 3272665.28702 622 647 646 1138 1146 1136
241459.65915 3272423.31252 621 647 622 1139 1137 1083
241815.19844 3272440.23007 621 648 647 1140 1144 1138
241917.97063 3272317.14699 620 648 621 1141 1139 1081
242305.95010 3272367.30460 626 648 620 1142 1140 1095
242366.72744 3272602.62072 626 649 648 1143 1145 1141
242617.30877 3272726.31067 627 649 626 1147 1142 1096
241894.65117 3272811.12499 648 650 647 1145 1146 1139
242057.89188 3272872.30787 649 650 648 1149 1144 1142
241577.81640 3272972.69368 650 646 647 1154 1137 1144
242566.20973 3273100.69834 627 651 649 1148 1149 1143
242697.78963 3273229.59314 628 651 627 1150 1147 1098
242179.49252 3273153.66369 651 650 649 1160 1145 1147
242668.90866 3273506.77052 628 652 651 1151 1161 1148
242807.17131 3273647.30753 629 652 628 1152 1150 1100
242745.58974 3273970.85488 630 652 629 1168 1151 1102
241234.37796 3273284.63697 646 653 645 1154 1156 1135
241537.20604 3273167.00284 650 653 646 1159 1153 1146
240926.82709 3273708.72589 645 654 644 1156 1158 1133
241173.72654 3273598.56765 653 654 645 1162 1155 1153
240680.91235 3274206.43142 644 655 643 1158 1178 1131
240938.59388 3274059.54234 654 655 644 1164 1157 1155
241778.23618 3273437.53188 650 656 653 1160 1163 1154
242107.12792 3273331.02813 651 656 650 1161 1159 1149
242320.27102 3273612.28541 652 656 651 1167 1160 1150
241465.63117 3273787.64099 653 657 654 1163 1165 1156
241715.10405 3273668.61365 656 657 653 1166 1162 1159
241193.27666 3274198.89701 654 658 655 1165 1180 1158
241410.14530 3274090.16077 657 658 654 1169 1164 1162
241991.64158 3273947.83663 656 659 657 1167 1170 1163
242264.82115 3273844.18496 652 659 656 1168 1166 1161
242523.14051 3274075.55987 630 659 652 1172 1167 1152
241710.11084 3274286.07171 657 660 658 1170 1182 1165
241922.93457 3274185.48890 659 660 657 1171 1169 1166
242226.61275 3274446.95890 659 661 660 1172 1184 1170
242480.26785 3274317.49645 630 661 659 1173 1171 1168
242741.70785 3274527.85170 242 661 630 1174 1172 1103
242747.05528 3274813.18408 242 662 661 1175 1185 1173
242972.35873 3274926.10672 105 662 242 1176 1174 298
243016.22033 3275271.64163 106 662 105 1225 1175 29
240473.99196 3274685.59483 643 663 642 1178 1187 1129
240707.09016 3274538.60640 655 663 643 1179 1177 1157
240960.98220 3274647.34993 655 664 663 1180 1189 1178
241171.65145 3274529.47528 658 664 655 1181 1179 1164
241460.52842 3274684.09164 658 665 664 1182 1191 1180
241648.04047 3274584.64362 660 665 658 1183 1181 1169
241974.43142 3274785.18769 660 666 665 1184 1193 1182
242168.71818 3274678.28239 661 666 660 1185 1183 1171
242511.11881 3274939.78803 662 666 661 1223 1184 1174
240270.54070 3275153.42491 642 667 641 1187 1195 1127
240505.80459 3274977.68597 663 667 642 1188 1186 1177
240756.13477 3275100.19977 663 668 667 1189 1199 1187
240965.04985 3274958.13763 664 668 663 1190 1188 1179
241241.02399 3275095.01498 664 669 668 1191 1201 1189
241429.27426 3274979.57701 665 669 664 1192 1190 1181
241707.79843 3275145.10903 665 670 669 1193 1206 1191
241920.79329 3275038.61688 666 670 665 1222 1192 1183
240108.29671 3275583.07066 641 671 640 1195 1197 1125
240319.27601 3275400.27919 667 671 641 1198 1194 1186
240123.34204 3276044.88134 640 672 639 1197 1204 1123
240233.33770 3275896.08461 671 672 640 1202 1196 1194
240603.15927 3275524.06354 667 673 671 1199 1202 1195
240771.30138 3275425.98656 668 673 667 1200 1198 1188
240972.06447 3275501.73864 668 674 673 1201 1233 1199
241223.80696 3275329.60443 669 674 668 1205 1200 1190
240551.85247 3275861.19710 673 672 671 1231 1197 1198
240123.50463 3276559.92175 639 675 638 1204 1208 1121
240257.41190 3276344.94100 672 675 639 1230 1203 1196
241490.78381 3275514.46090 669 676 674 1206 1234 1201
241666.25401 3275439.48226 670 676 669 1227 1205 1192
240167.03423 3277124.68972 638 677 612 1208 1210 1119
240301.98827 3276800.43427 675 677 638 1237 1207 1203
240443.28451 3277531.06261 612 678 479 1210 1211 1060
240440.26539 3277335.49390 677 678 612 1239 1209 1207
240751.79751 3277693.40369 678 459 479 1213 789 1209
241187.93578 3277786.58208 459 679 195 1213 1214 746
241001.31517 3277584.28203 678 679 459 1240 1212 1211
241519.94931 3277725.71232 679 194 195 1216 202 1212
241920.71789 3277503.89026 194 680 180 1216 1218 200
241602.82787 3277528.35458 679 680 194 1242 1215 1214
242293.60746 3277292.76668 180 681 177 1218 1220 165
242047.53469 3277307.90212 680 681 180 1249 1217 1215
242671.85673 3277033.21668 177 682 174 1220 1221 159
242468.41376 3277037.90614 681 682 177 1251 1219 1217
242859.26453 3276761.28710 682 173 174 1259 152 1219
242159.63064 3275240.79492 666 683 670 1223 1228 1193
242454.91468 3275130.03712 662 683 666 1224 1222 1185
242655.53979 3275429.61035 662 684 683 1225 1229 1223
242847.07971 3275442.70928 106 684 662 1226 1224 1176
242985.58312 3275764.62093 118 684 106 1257 1225 56
241941.68327 3275619.41505 670 685 676 1228 1236 1206
242097.62745 3275554.53236 683 685 670 1229 1227 1222
242404.98853 3275711.55515 684 685 683 1256 1228 1224
240559.75269 3276323.52575 672 686 675 1231 1238 1204
240699.25591 3276022.35117 673 686 672 1232 1230 1202
240936.91516 3276012.13552 673 687 686 1233 1244 1231
241082.07452 3275820.66817 674 687 673 1234 1232 1200
241393.36320 3275817.39231 676 687 674 1235 1233 1205
241534.38023 3275984.32850 676 688 687 1236 1246 1234
241847.38094 3275943.89489 685 688 676 1254 1235 1227
240593.66962 3276786.69101 675 689 677 1238 1239 1208
240731.20230 3276593.22208 686 689 675 1243 1237 1230
240722.27046 3277125.38609 689 678 677 1241 1210 1237
241061.53222 3277342.96697 678 690 679 1241 1242 1213
240957.48498 3277175.96834 689 690 678 1245 1240 1239
241459.96440 3277306.33001 690 680 679 1247 1216 1240
240984.09005 3276581.60671 686 691 689 1244 1245 1238
241124.47533 3276325.54050 687 691 686 1246 1243 1232
241149.12229 3276816.64721 691 690 689 1248 1241 1243
241432.45642 3276293.85712 688 691 687 1250 1244 1235
241568.98512 3277024.68431 690 692 680 1248 1249 1242
241445.13100 3276833.55630 691 692 690 1250 1247 1245
241884.17377 3277024.26725 692 681 680 1252 1218 1247
241601.65968 3276502.16579 688 692 691 1253 1248 1246
242263.36786 3276744.40184 681 693 682 1252 1260 1220
242055.54230 3276747.25478 692 693 681 1253 1251 1249
241856.65134 3276489.65013 688 693 692 1254 1252 1250
242039.12674 3276159.02800 685 693 688 1255 1253 1236
242277.14684 3276148.35047 685 694 693 1256 1260 1254
242451.28935 3275921.37202 684 694 685 1257 1255 1229
242800.08476 3275998.80733 118 694 684 1258 1256 1226
242903.96088 3276267.30637 173 694 118 1259 1257 150
242738.41709 3276492.21534 682 694 173 1260 1258 1221
242459.11705 3276474.46669 694 682 693 1259 1251 1255
