40 86 0 0 1
86 39 0 0 154
39 40 1 0 -1
41 86 0 1 2
40 41 1 1 -1
42 86 0 2 148
41 42 1 2 -1
51 87 0 3 4
87 50 0 3 5
50 51 1 3 -1
52 87 0 4 91
51 52 1 4 -1
87 88 0 5 41
88 50 1 5 -1
44 89 0 6 7
89 43 0 6 9
43 44 1 6 -1
45 89 0 7 34
44 45 1 7 -1
43 90 0 8 9
90 42 0 8 146
42 43 1 8 -1
89 90 0 9 36
15 91 0 10 11
91 14 0 10 12
14 15 1 10 -1
16 91 0 11 19
15 16 1 11 -1
91 13 0 12 14
13 14 1 12 -1
13 93 0 13 14
93 92 0 13 16
92 13 1 13 -1
91 93 0 14 21
92 94 0 15 16
94 12 0 15 18
12 92 1 15 -1
93 94 0 16 45
12 95 0 17 18
95 11 0 17 23
11 12 1 17 -1
94 95 0 18 47
16 97 0 19 20
97 91 0 19 21
17 97 0 20 98
16 17 1 20 -1
97 93 0 21 46
11 99 0 22 23
99 96 0 22 25
96 11 1 22 -1
95 99 0 23 49
96 101 0 24 25
101 100 0 24 1078
100 96 1 24 -1
99 101 0 25 51
48 102 0 26 27
102 47 0 26 28
47 48 1 26 -1
49 102 0 27 30
48 49 1 27 -1
102 103 0 28 29
103 47 1 28 -1
102 46 0 29 32
46 103 1 29 -1
49 105 0 30 31
105 102 0 30 32
104 105 0 31 38
49 104 1 31 -1
105 46 0 32 33
105 45 0 33 35
45 46 1 33 -1
45 106 0 34 35
106 89 0 34 36
105 106 0 35 37
106 90 0 36 44
105 107 0 37 38
107 106 0 37 42
104 107 0 38 39
88 107 0 39 40
104 88 1 39 -1
88 108 0 40 41
108 107 0 40 43
87 108 0 41 90
107 109 0 42 43
109 106 0 42 44
108 109 0 43 94
109 90 0 44 147
93 110 0 45 46
110 94 0 45 48
97 110 0 46 100
94 111 0 47 48
111 95 0 47 50
110 111 0 48 113
95 112 0 49 50
112 99 0 49 52
111 112 0 50 124
99 113 0 51 52
113 101 0 51 1076
112 113 0 52 129
70 114 0 53 54
114 69 0 53 56
69 70 1 53 -1
71 114 0 54 63
70 71 1 54 -1
69 115 0 55 56
115 68 0 55 58
68 69 1 55 -1
114 115 0 56 65
68 116 0 57 58
116 67 0 57 60
67 68 1 57 -1
115 116 0 58 67
67 117 0 59 60
117 66 0 59 62
66 67 1 59 -1
116 117 0 60 69
66 118 0 61 62
118 65 0 61 74
65 66 1 61 -1
117 118 0 62 71
71 119 0 63 64
119 114 0 63 66
72 119 0 64 360
71 72 1 64 -1
114 120 0 65 66
120 115 0 65 68
119 120 0 66 361
115 121 0 67 68
121 116 0 67 70
120 121 0 68 363
116 122 0 69 70
122 117 0 69 72
121 122 0 70 365
117 123 0 71 72
123 118 0 71 76
122 123 0 72 367
65 124 0 73 74
124 64 0 73 188
64 65 1 73 -1
118 124 0 74 75
118 125 0 75 76
125 124 0 75 190
123 125 0 76 368
37 126 0 77 78
126 36 0 77 80
36 37 1 77 -1
38 126 0 78 87
37 38 1 78 -1
36 127 0 79 80
127 35 0 79 81
35 36 1 79 -1
126 127 0 80 85
127 34 0 81 83
34 35 1 81 -1
34 128 0 82 83
128 33 0 82 302
33 34 1 82 -1
127 128 0 83 84
127 129 0 84 85
129 128 0 84 300
126 129 0 85 86
126 130 0 86 87
130 129 0 86 294
38 130 0 87 88
38 132 0 88 89
132 130 0 88 263
131 132 0 89 157
38 131 1 89 -1
87 133 0 90 91
133 108 0 90 95
52 133 0 91 92
52 134 0 92 93
134 133 0 92 97
53 134 0 93 254
52 53 1 93 -1
108 135 0 94 95
135 109 0 94 150
133 135 0 95 96
133 136 0 96 97
136 135 0 96 151
134 136 0 97 256
17 137 0 98 99
137 97 0 98 100
98 137 0 99 101
17 98 1 99 -1
137 110 0 100 114
98 139 0 101 102
139 137 0 101 116
138 139 0 102 103
98 138 1 102 -1
138 140 0 103 104
140 139 0 103 118
18 140 0 104 105
138 18 1 104 -1
18 141 0 105 106
141 140 0 105 120
19 141 0 106 107
18 19 1 106 -1
19 142 0 107 108
142 141 0 107 122
20 142 0 108 109
19 20 1 108 -1
20 143 0 109 110
143 142 0 109 123
21 143 0 110 111
20 21 1 110 -1
21 144 0 111 112
144 143 0 111 141
22 144 0 112 241
21 22 1 112 -1
110 145 0 113 114
145 111 0 113 125
137 145 0 114 115
137 146 0 115 116
146 145 0 115 127
139 146 0 116 117
139 147 0 117 118
147 146 0 117 128
140 147 0 118 119
140 148 0 119 120
148 147 0 119 134
141 148 0 120 121
141 149 0 121 122
149 148 0 121 137
142 149 0 122 123
143 149 0 123 140
111 150 0 124 125
150 112 0 124 130
145 150 0 125 126
145 151 0 126 127
151 150 0 126 132
146 151 0 127 128
147 151 0 128 133
112 152 0 129 130
152 113 0 129 1074
150 152 0 130 131
150 153 0 131 132
153 152 0 131 1073
151 153 0 132 135
147 154 0 133 134
154 151 0 133 135
148 154 0 134 136
154 153 0 135 138
148 155 0 136 137
155 154 0 136 139
149 155 0 137 142
154 156 0 138 139
156 153 0 138 1071
155 156 0 139 144
143 157 0 140 141
157 149 0 140 143
144 157 0 141 245
149 158 0 142 143
158 155 0 142 145
157 158 0 143 247
155 159 0 144 145
159 156 0 144 1069
158 159 0 145 250
90 160 0 146 147
160 42 0 146 148
109 160 0 147 149
160 86 0 148 152
109 161 0 149 150
161 160 0 149 153
135 161 0 150 151
136 161 0 151 161
160 162 0 152 153
162 86 0 152 154
161 162 0 153 160
162 39 0 154 156
39 163 0 155 156
163 131 0 155 158
131 39 1 155 -1
162 163 0 156 159
131 164 0 157 158
164 132 0 157 261
163 164 0 158 162
162 165 0 159 160
165 163 0 159 162
161 165 0 160 161
136 165 0 161 258
165 164 0 162 259
62 166 0 163 164
166 61 0 163 166
61 62 1 163 -1
63 166 0 164 167
62 63 1 164 -1
61 167 0 165 166
167 60 0 165 173
60 61 1 165 -1
166 167 0 166 169
63 169 0 167 168
169 166 0 167 169
168 169 0 168 170
63 168 1 168 -1
169 167 0 169 179
168 171 0 170 171
171 169 0 170 180
170 171 0 171 185
168 170 1 171 -1
60 172 0 172 173
172 59 0 172 175
59 60 1 172 -1
167 172 0 173 178
59 173 0 174 175
173 58 0 174 177
58 59 1 174 -1
172 173 0 175 181
58 174 0 176 177
174 57 0 176 560
57 58 1 176 -1
173 174 0 177 183
167 175 0 178 179
175 172 0 178 182
169 175 0 179 180
171 175 0 180 303
172 176 0 181 182
176 173 0 181 184
175 176 0 182 305
173 177 0 183 184
177 174 0 183 559
176 177 0 184 307
170 178 0 185 186
178 171 0 185 304
64 178 0 186 187
170 64 1 186 -1
64 179 0 187 188
179 178 0 187 309
124 179 0 188 189
124 180 0 189 190
180 179 0 189 313
125 180 0 190 370
4 181 0 191 192
181 3 0 191 195
3 4 1 191 -1
5 181 0 192 193
4 5 1 192 -1
182 181 0 193 197
5 182 1 193 -1
3 183 0 194 195
183 2 0 194 200
2 3 1 194 -1
181 183 0 195 196
181 185 0 196 197
185 183 0 196 215
182 185 0 197 198
6 185 0 198 217
182 6 1 198 -1
2 186 0 199 200
186 184 0 199 202
184 2 1 199 -1
183 186 0 200 214
184 187 0 201 202
187 1 0 201 204
1 184 1 201 -1
186 187 0 202 220
1 189 0 203 204
189 188 0 203 206
188 1 1 203 -1
187 189 0 204 222
188 190 0 205 206
190 0 0 205 208
0 188 1 205 -1
189 190 0 206 224
0 192 0 207 208
192 191 0 207 210
191 0 1 207 -1
190 192 0 208 226
191 194 0 209 210
194 193 0 209 212
193 191 1 209 -1
192 194 0 210 228
193 195 0 211 212
195 85 0 211 213
85 193 1 211 -1
194 195 0 212 230
195 84 0 213 232
84 85 1 213 -1
183 196 0 214 215
196 186 0 214 221
185 196 0 215 216
185 197 0 216 217
197 196 0 216 238
6 197 0 217 218
6 198 0 218 219
198 197 0 218 240
7 198 0 219 1035
6 7 1 219 -1
186 199 0 220 221
199 187 0 220 223
196 199 0 221 237
187 200 0 222 223
200 189 0 222 225
199 200 0 223 320
189 201 0 224 225
201 190 0 224 227
200 201 0 225 322
190 202 0 226 227
202 192 0 226 229
201 202 0 227 324
192 203 0 228 229
203 194 0 228 231
202 203 0 229 326
194 204 0 230 231
204 195 0 230 233
203 204 0 231 328
195 205 0 232 233
205 84 0 232 235
204 205 0 233 330
84 207 0 234 235
207 206 0 234 236
206 84 1 234 -1
205 207 0 235 332
207 83 0 236 336
83 206 1 236 -1
196 208 0 237 238
208 199 0 237 321
197 208 0 238 239
197 209 0 239 240
209 208 0 239 335
198 209 0 240 1033
22 210 0 241 242
210 144 0 241 246
23 210 0 242 243
22 23 1 242 -1
23 211 0 243 244
211 210 0 243 249
24 211 0 244 920
23 24 1 244 -1
144 212 0 245 246
212 157 0 245 247
210 212 0 246 248
212 158 0 247 251
210 213 0 248 249
213 212 0 248 253
211 213 0 249 922
158 214 0 250 251
214 159 0 250 1068
212 214 0 251 252
212 215 0 252 253
215 214 0 252 1066
213 215 0 253 940
53 217 0 254 255
217 134 0 254 257
216 217 0 255 268
53 216 1 255 -1
134 218 0 256 257
218 136 0 256 258
217 218 0 257 265
218 165 0 258 260
165 219 0 259 260
219 164 0 259 262
218 219 0 260 264
164 220 0 261 262
220 132 0 261 263
219 220 0 262 266
220 130 0 263 292
218 221 0 264 265
221 219 0 264 267
217 221 0 265 270
219 222 0 266 267
222 220 0 266 290
221 222 0 267 271
216 223 0 268 269
223 217 0 268 270
54 223 0 269 274
216 54 1 269 -1
223 221 0 270 272
221 224 0 271 272
224 222 0 271 285
223 224 0 272 273
223 225 0 273 274
225 224 0 273 279
54 225 0 274 275
226 225 0 275 276
54 226 1 275 -1
226 228 0 276 277
228 225 0 276 280
227 228 0 277 278
226 227 1 277 -1
55 228 0 278 282
227 55 1 278 -1
225 229 0 279 280
229 224 0 279 286
228 229 0 280 281
228 230 0 281 282
230 229 0 281 288
55 230 0 282 283
55 232 0 283 284
232 230 0 283 289
231 232 0 284 568
55 231 1 284 -1
224 233 0 285 286
233 222 0 285 291
229 233 0 286 287
229 234 0 287 288
234 233 0 287 296
230 234 0 288 289
232 234 0 289 595
222 235 0 290 291
235 220 0 290 293
233 235 0 291 295
220 236 0 292 293
236 130 0 292 294
235 236 0 293 297
236 129 0 294 298
233 237 0 295 296
237 235 0 295 297
234 237 0 296 597
237 236 0 297 299
236 238 0 298 299
238 129 0 298 301
237 238 0 299 599
129 239 0 300 301
239 128 0 300 302
238 239 0 301 600
239 33 0 302 620
171 240 0 303 304
240 175 0 303 306
178 240 0 304 308
175 241 0 305 306
241 176 0 305 307
240 241 0 306 310
241 177 0 307 316
178 242 0 308 309
242 240 0 308 311
179 242 0 309 312
240 243 0 310 311
243 241 0 310 317
242 243 0 311 314
179 244 0 312 313
244 242 0 312 315
180 244 0 313 372
242 245 0 314 315
245 243 0 314 319
244 245 0 315 374
241 246 0 316 317
246 177 0 316 557
243 246 0 317 318
243 247 0 318 319
247 246 0 318 555
245 247 0 319 375
199 248 0 320 321
248 200 0 320 323
208 248 0 321 334
200 249 0 322 323
249 201 0 322 325
248 249 0 323 338
201 250 0 324 325
250 202 0 324 327
249 250 0 325 340
202 251 0 326 327
251 203 0 326 329
250 251 0 327 342
203 252 0 328 329
252 204 0 328 331
251 252 0 329 344
204 253 0 330 331
253 205 0 330 333
252 253 0 331 346
205 254 0 332 333
254 207 0 332 337
253 254 0 333 348
208 255 0 334 335
255 248 0 334 339
209 255 0 335 1031
207 256 0 336 337
256 83 0 336 965
254 256 0 337 350
248 257 0 338 339
257 249 0 338 341
255 257 0 339 1029
249 258 0 340 341
258 250 0 340 343
257 258 0 341 1027
250 259 0 342 343
259 251 0 342 345
258 259 0 343 1025
251 260 0 344 345
260 252 0 344 347
259 260 0 345 1023
252 261 0 346 347
261 253 0 346 349
260 261 0 347 1021
253 262 0 348 349
262 254 0 348 351
261 262 0 349 1019
254 263 0 350 351
263 256 0 350 967
262 263 0 351 1017
75 264 0 352 353
264 74 0 352 355
74 75 1 352 -1
76 264 0 353 377
75 76 1 353 -1
74 266 0 354 355
266 265 0 354 357
265 74 1 354 -1
264 266 0 355 379
265 267 0 356 357
267 73 0 356 359
73 265 1 356 -1
266 267 0 357 381
73 268 0 358 359
268 72 0 358 360
72 73 1 358 -1
267 268 0 359 383
268 119 0 360 362
119 269 0 361 362
269 120 0 361 364
268 269 0 362 385
120 270 0 363 364
270 121 0 363 366
269 270 0 364 387
121 271 0 365 366
271 122 0 365 367
270 271 0 366 389
271 123 0 367 369
123 272 0 368 369
272 125 0 368 371
271 272 0 369 391
125 273 0 370 371
273 180 0 370 373
272 273 0 371 393
180 274 0 372 373
274 244 0 372 374
273 274 0 373 395
274 245 0 374 376
245 275 0 375 376
275 247 0 375 553
274 275 0 376 397
76 277 0 377 378
277 264 0 377 380
276 277 0 378 399
76 276 1 378 -1
264 278 0 379 380
278 266 0 379 382
277 278 0 380 424
266 279 0 381 382
279 267 0 381 384
278 279 0 382 426
267 280 0 383 384
280 268 0 383 386
279 280 0 384 428
268 281 0 385 386
281 269 0 385 388
280 281 0 386 430
269 282 0 387 388
282 270 0 387 390
281 282 0 388 431
270 283 0 389 390
283 271 0 389 392
282 283 0 390 433
271 284 0 391 392
284 272 0 391 394
283 284 0 392 435
272 285 0 393 394
285 273 0 393 396
284 285 0 394 437
273 286 0 395 396
286 274 0 395 398
285 286 0 396 438
274 287 0 397 398
287 275 0 397 551
286 287 0 398 440
276 288 0 399 400
288 277 0 399 425
77 288 0 400 401
276 77 1 400 -1
77 290 0 401 402
290 288 0 401 443
289 290 0 402 403
77 289 1 402 -1
289 292 0 403 404
292 290 0 403 445
291 292 0 404 405
289 291 1 404 -1
291 293 0 405 406
293 292 0 405 447
78 293 0 406 407
291 78 1 406 -1
78 294 0 407 408
294 293 0 407 449
79 294 0 408 409
78 79 1 408 -1
79 295 0 409 410
295 294 0 409 451
80 295 0 410 411
79 80 1 410 -1
80 296 0 411 412
296 295 0 411 453
81 296 0 412 413
80 81 1 412 -1
297 296 0 413 414
81 297 1 413 -1
297 299 0 414 415
299 296 0 414 455
298 299 0 415 416
297 298 1 415 -1
298 300 0 416 417
300 299 0 416 456
82 300 0 417 962
298 82 1 417 -1
9 301 0 418 419
301 8 0 418 1047
8 9 1 418 -1
10 301 0 419 420
9 10 1 419 -1
10 303 0 420 421
303 301 0 420 1146
302 303 0 421 422
10 302 1 421 -1
302 304 0 422 423
304 303 0 422 1148
100 304 0 423 1080
302 100 1 423 -1
277 305 0 424 425
305 278 0 424 427
288 305 0 425 442
278 306 0 426 427
306 279 0 426 429
305 306 0 427 458
279 307 0 428 429
307 280 0 428 430
306 307 0 429 460
307 281 0 430 432
281 308 0 431 432
308 282 0 431 434
307 308 0 432 462
282 309 0 433 434
309 283 0 433 436
308 309 0 434 464
283 310 0 435 436
310 284 0 435 437
309 310 0 436 466
310 285 0 437 439
285 311 0 438 439
311 286 0 438 441
310 311 0 439 468
286 312 0 440 441
312 287 0 440 549
311 312 0 441 470
288 313 0 442 443
313 305 0 442 459
290 313 0 443 444
290 314 0 444 445
314 313 0 444 473
292 314 0 445 446
292 315 0 446 447
315 314 0 446 475
293 315 0 447 448
293 316 0 448 449
316 315 0 448 477
294 316 0 449 450
294 317 0 450 451
317 316 0 450 479
295 317 0 451 452
295 318 0 452 453
318 317 0 452 481
296 318 0 453 454
296 319 0 454 455
319 318 0 454 483
299 319 0 455 456
300 319 0 456 485
29 320 0 457 785
320 28 0 457 824
28 29 1 457 -1
305 321 0 458 459
321 306 0 458 461
313 321 0 459 472
306 322 0 460 461
322 307 0 460 463
321 322 0 461 486
307 323 0 462 463
323 308 0 462 465
322 323 0 463 488
308 324 0 464 465
324 309 0 464 467
323 324 0 465 490
309 325 0 466 467
325 310 0 466 469
324 325 0 467 515
310 326 0 468 469
326 311 0 468 471
325 326 0 469 517
311 327 0 470 471
327 312 0 470 547
326 327 0 471 522
313 328 0 472 473
328 321 0 472 487
314 328 0 473 474
314 329 0 474 475
329 328 0 474 492
315 329 0 475 476
315 330 0 476 477
330 329 0 476 496
316 330 0 477 478
316 331 0 478 479
331 330 0 478 500
317 331 0 479 480
317 332 0 480 481
332 331 0 480 504
318 332 0 481 482
318 333 0 482 483
333 332 0 482 506
319 333 0 483 484
319 334 0 484 485
334 333 0 484 508
300 334 0 485 961
321 335 0 486 487
335 322 0 486 489
328 335 0 487 491
322 336 0 488 489
336 323 0 488 490
335 336 0 489 493
336 324 0 490 516
328 337 0 491 492
337 335 0 491 494
329 337 0 492 495
335 338 0 493 494
338 336 0 493 519
337 338 0 494 497
329 339 0 495 496
339 337 0 495 498
330 339 0 496 499
337 340 0 497 498
340 338 0 497 521
339 340 0 498 501
330 341 0 499 500
341 339 0 499 502
331 341 0 500 503
339 342 0 501 502
342 340 0 501 528
341 342 0 502 509
331 343 0 503 504
343 341 0 503 510
332 343 0 504 505
332 344 0 505 506
344 343 0 505 512
333 344 0 506 507
333 345 0 507 508
345 344 0 507 514
334 345 0 508 959
341 346 0 509 510
346 342 0 509 530
343 346 0 510 511
343 347 0 511 512
347 346 0 511 532
344 347 0 512 513
344 348 0 513 514
348 347 0 513 534
345 348 0 514 957
324 349 0 515 516
349 325 0 515 517
336 349 0 516 518
349 326 0 517 523
336 350 0 518 519
350 349 0 518 525
338 350 0 519 520
338 351 0 520 521
351 350 0 520 526
340 351 0 521 527
326 352 0 522 523
352 327 0 522 545
349 352 0 523 524
349 353 0 524 525
353 352 0 524 543
350 353 0 525 526
351 353 0 526 535
340 354 0 527 528
354 351 0 527 536
342 354 0 528 529
342 355 0 529 530
355 354 0 529 538
346 355 0 530 531
346 356 0 531 532
356 355 0 531 540
347 356 0 532 533
347 357 0 533 534
357 356 0 533 542
348 357 0 534 948
351 358 0 535 536
358 353 0 535 544
354 358 0 536 537
354 359 0 537 538
359 358 0 537 571
355 359 0 538 539
355 360 0 539 540
360 359 0 539 582
356 360 0 540 541
356 361 0 541 542
361 360 0 541 584
357 361 0 542 946
353 362 0 543 544
362 352 0 543 546
358 362 0 544 570
352 363 0 545 546
363 327 0 545 548
362 363 0 546 572
327 364 0 547 548
364 312 0 547 550
363 364 0 548 574
312 365 0 549 550
365 287 0 549 552
364 365 0 550 576
287 366 0 551 552
366 275 0 551 554
365 366 0 552 578
275 367 0 553 554
367 247 0 553 556
366 367 0 554 580
247 368 0 555 556
368 246 0 555 558
367 368 0 556 659
246 369 0 557 558
369 177 0 557 559
368 369 0 558 665
369 174 0 559 561
174 370 0 560 561
370 57 0 560 563
369 370 0 561 667
57 371 0 562 563
371 56 0 562 565
56 57 1 562 -1
370 371 0 563 613
56 373 0 564 565
373 372 0 564 567
372 56 1 564 -1
371 373 0 565 611
372 374 0 566 567
374 231 0 566 569
231 372 1 566 -1
373 374 0 567 609
231 375 0 568 569
375 232 0 568 596
374 375 0 569 607
358 376 0 570 571
376 362 0 570 573
359 376 0 571 581
362 377 0 572 573
377 363 0 572 575
376 377 0 573 585
363 378 0 574 575
378 364 0 574 577
377 378 0 575 587
364 379 0 576 577
379 365 0 576 579
378 379 0 577 589
365 380 0 578 579
380 366 0 578 580
379 380 0 579 591
380 367 0 580 660
359 381 0 581 582
381 376 0 581 586
360 381 0 582 583
360 382 0 583 584
382 381 0 583 594
361 382 0 584 723
376 383 0 585 586
383 377 0 585 588
381 383 0 586 593
377 384 0 587 588
384 378 0 587 590
383 384 0 588 614
378 385 0 589 590
385 379 0 589 592
384 385 0 590 616
379 386 0 591 592
386 380 0 591 662
385 386 0 592 618
381 387 0 593 594
387 383 0 593 615
382 387 0 594 719
232 388 0 595 596
388 234 0 595 598
375 388 0 596 605
234 389 0 597 598
389 237 0 597 599
388 389 0 598 603
389 238 0 599 601
238 390 0 600 601
390 239 0 600 621
389 390 0 601 602
389 391 0 602 603
391 390 0 602 623
388 391 0 603 604
388 392 0 604 605
392 391 0 604 625
375 392 0 605 606
375 393 0 606 607
393 392 0 606 627
374 393 0 607 608
374 394 0 608 609
394 393 0 608 629
373 394 0 609 610
373 395 0 610 611
395 394 0 610 644
371 395 0 611 612
371 396 0 612 613
396 395 0 612 646
370 396 0 613 669
383 397 0 614 615
397 384 0 614 617
387 397 0 615 713
384 398 0 616 617
398 385 0 616 619
397 398 0 617 711
385 399 0 618 619
399 386 0 618 664
398 399 0 619 707
239 400 0 620 621
400 33 0 620 631
390 400 0 621 622
390 402 0 622 623
402 400 0 622 633
391 402 0 623 624
391 403 0 624 625
403 402 0 624 635
392 403 0 625 626
392 404 0 626 627
404 403 0 626 636
393 404 0 627 628
393 405 0 628 629
405 404 0 628 648
394 405 0 629 643
33 406 0 630 631
406 401 0 630 638
401 33 1 630 -1
400 406 0 631 632
400 407 0 632 633
407 406 0 632 640
402 407 0 633 634
402 408 0 634 635
408 407 0 634 642
403 408 0 635 636
404 408 0 636 647
401 410 0 637 638
410 409 0 637 727
409 401 1 637 -1
406 410 0 638 639
406 411 0 639 640
411 410 0 639 737
407 411 0 640 641
407 412 0 641 642
412 411 0 641 739
408 412 0 642 649
394 413 0 643 644
413 405 0 643 652
395 413 0 644 645
395 414 0 645 646
414 413 0 645 656
396 414 0 646 671
404 415 0 647 648
415 408 0 647 650
405 415 0 648 651
408 416 0 649 650
416 412 0 649 741
415 416 0 650 653
405 417 0 651 652
417 415 0 651 654
413 417 0 652 655
415 418 0 653 654
418 416 0 653 743
417 418 0 654 657
413 419 0 655 656
419 417 0 655 658
414 419 0 656 685
417 420 0 657 658
420 418 0 657 745
419 420 0 658 691
367 421 0 659 660
421 368 0 659 666
380 421 0 660 661
380 422 0 661 662
422 421 0 661 674
386 422 0 662 663
386 423 0 663 664
423 422 0 663 676
399 423 0 664 701
368 424 0 665 666
424 369 0 665 668
421 424 0 666 673
369 425 0 667 668
425 370 0 667 670
424 425 0 668 677
370 426 0 669 670
426 396 0 669 672
425 426 0 670 679
396 427 0 671 672
427 414 0 671 686
426 427 0 672 680
421 428 0 673 674
428 424 0 673 678
422 428 0 674 675
422 429 0 675 676
429 428 0 675 683
423 429 0 676 700
424 430 0 677 678
430 425 0 677 679
428 430 0 678 682
430 426 0 679 681
426 431 0 680 681
431 427 0 680 688
430 431 0 681 684
428 432 0 682 683
432 430 0 682 684
429 432 0 683 698
432 431 0 684 690
414 433 0 685 686
433 419 0 685 692
427 433 0 686 687
427 434 0 687 688
434 433 0 687 694
431 434 0 688 689
431 435 0 689 690
435 434 0 689 696
432 435 0 690 697
419 436 0 691 692
436 420 0 691 756
433 436 0 692 693
433 437 0 693 694
437 436 0 693 758
434 437 0 694 695
434 438 0 695 696
438 437 0 695 760
435 438 0 696 702
432 439 0 697 698
439 435 0 697 703
429 439 0 698 699
429 440 0 699 700
440 439 0 699 705
423 440 0 700 701
399 440 0 701 706
435 441 0 702 703
441 438 0 702 762
439 441 0 703 704
439 442 0 704 705
442 441 0 704 764
440 442 0 705 708
399 443 0 706 707
443 440 0 706 709
398 443 0 707 710
440 444 0 708 709
444 442 0 708 766
443 444 0 709 714
398 445 0 710 711
445 443 0 710 715
397 445 0 711 712
397 446 0 712 713
446 445 0 712 717
387 446 0 713 718
443 447 0 714 715
447 444 0 714 768
445 447 0 715 716
445 448 0 716 717
448 447 0 716 770
446 448 0 717 720
387 449 0 718 719
449 446 0 718 721
382 449 0 719 722
446 450 0 720 721
450 448 0 720 777
449 450 0 721 724
382 451 0 722 723
451 449 0 722 725
361 451 0 723 945
449 452 0 724 725
452 450 0 724 779
451 452 0 725 949
409 453 0 726 727
453 32 0 726 729
32 409 1 726 -1
410 453 0 727 736
32 454 0 728 729
454 31 0 728 731
31 32 1 728 -1
453 454 0 729 746
31 456 0 730 731
456 455 0 730 732
455 31 1 730 -1
454 456 0 731 748
456 457 0 732 734
457 455 1 732 -1
457 459 0 733 734
459 458 0 733 735
458 457 1 733 -1
456 459 0 734 749
459 30 0 735 751
30 458 1 735 -1
410 460 0 736 737
460 453 0 736 747
411 460 0 737 738
411 461 0 738 739
461 460 0 738 753
412 461 0 739 740
412 462 0 740 741
462 461 0 740 772
416 462 0 741 742
416 463 0 742 743
463 462 0 742 774
418 463 0 743 744
418 464 0 744 745
464 463 0 744 775
420 464 0 745 755
453 465 0 746 747
465 454 0 746 748
460 465 0 747 752
465 456 0 748 750
456 466 0 749 750
466 459 0 749 751
465 466 0 750 754
466 30 0 751 781
460 467 0 752 753
467 465 0 752 754
461 467 0 753 771
467 466 0 754 783
420 468 0 755 756
468 464 0 755 792
436 468 0 756 757
436 469 0 757 758
469 468 0 757 799
437 469 0 758 759
437 470 0 759 760
470 469 0 759 804
438 470 0 760 761
438 471 0 761 762
471 470 0 761 808
441 471 0 762 763
441 472 0 763 764
472 471 0 763 810
442 472 0 764 765
442 473 0 765 766
473 472 0 765 812
444 473 0 766 767
444 474 0 767 768
474 473 0 767 813
447 474 0 768 769
447 475 0 769 770
475 474 0 769 878
448 475 0 770 776
461 476 0 771 772
476 467 0 771 784
462 476 0 772 773
462 477 0 773 774
477 476 0 773 789
463 477 0 774 775
464 477 0 775 791
448 478 0 776 777
478 475 0 776 880
450 478 0 777 778
450 479 0 778 779
479 478 0 778 885
452 479 0 779 951
30 480 0 780 781
480 29 0 780 786
29 30 1 780 -1
466 480 0 781 782
466 481 0 782 783
481 480 0 782 787
467 481 0 783 784
476 481 0 784 788
29 482 0 785 786
482 320 0 785 796
480 482 0 786 787
481 482 0 787 790
476 483 0 788 789
483 481 0 788 790
477 483 0 789 793
483 482 0 790 795
464 484 0 791 792
484 477 0 791 794
468 484 0 792 798
477 485 0 793 794
485 483 0 793 795
484 485 0 794 800
485 482 0 795 797
482 486 0 796 797
486 320 0 796 822
485 486 0 797 802
468 487 0 798 799
487 484 0 798 801
469 487 0 799 803
484 488 0 800 801
488 485 0 800 802
487 488 0 801 805
488 486 0 802 820
469 489 0 803 804
489 487 0 803 806
470 489 0 804 807
487 490 0 805 806
490 488 0 805 821
489 490 0 806 814
470 491 0 807 808
491 489 0 807 815
471 491 0 808 809
471 492 0 809 810
492 491 0 809 817
472 492 0 810 811
472 493 0 811 812
493 492 0 811 819
473 493 0 812 813
474 493 0 813 877
489 494 0 814 815
494 490 0 814 834
491 494 0 815 816
491 495 0 816 817
495 494 0 816 845
492 495 0 817 818
492 496 0 818 819
496 495 0 818 854
493 496 0 819 875
488 497 0 820 821
497 486 0 820 823
490 497 0 821 833
486 498 0 822 823
498 320 0 822 825
497 498 0 823 835
320 499 0 824 825
499 28 0 824 826
498 499 0 825 837
499 500 0 826 828
500 28 1 826 -1
500 502 0 827 828
502 501 0 827 830
501 500 1 827 -1
499 502 0 828 839
501 503 0 829 830
503 27 0 829 832
27 501 1 829 -1
502 503 0 830 840
27 504 0 831 832
504 26 0 831 861
26 27 1 831 -1
503 504 0 832 842
490 505 0 833 834
505 497 0 833 836
494 505 0 834 844
497 506 0 835 836
506 498 0 835 838
505 506 0 836 846
498 507 0 837 838
507 499 0 837 839
506 507 0 838 848
507 502 0 839 841
502 508 0 840 841
508 503 0 840 843
507 508 0 841 850
503 509 0 842 843
509 504 0 842 863
508 509 0 843 851
494 510 0 844 845
510 505 0 844 847
495 510 0 845 853
505 511 0 846 847
511 506 0 846 849
510 511 0 847 855
506 512 0 848 849
512 507 0 848 850
511 512 0 849 857
512 508 0 850 852
508 513 0 851 852
513 509 0 851 865
512 513 0 852 859
495 514 0 853 854
514 510 0 853 856
496 514 0 854 873
510 515 0 855 856
515 511 0 855 858
514 515 0 856 871
511 516 0 857 858
516 512 0 857 859
515 516 0 858 869
516 513 0 859 867
26 517 0 860 861
517 25 0 860 889
25 26 1 860 -1
504 517 0 861 862
504 519 0 862 863
519 517 0 862 891
509 519 0 863 864
509 520 0 864 865
520 519 0 864 893
513 520 0 865 866
513 521 0 866 867
521 520 0 866 895
516 521 0 867 868
516 522 0 868 869
522 521 0 868 897
515 522 0 869 870
515 523 0 870 871
523 522 0 870 899
514 523 0 871 872
514 524 0 872 873
524 523 0 872 901
496 524 0 873 874
496 525 0 874 875
525 524 0 874 883
493 525 0 875 876
493 526 0 876 877
526 525 0 876 881
474 526 0 877 878
475 526 0 878 879
475 527 0 879 880
527 526 0 879 882
478 527 0 880 884
526 528 0 881 882
528 525 0 881 883
527 528 0 882 886
528 524 0 883 902
478 529 0 884 885
529 527 0 884 887
479 529 0 885 953
527 530 0 886 887
530 528 0 886 904
529 530 0 887 939
25 531 0 888 889
531 518 0 888 917
518 25 1 888 -1
517 531 0 889 890
517 532 0 890 891
532 531 0 890 915
519 532 0 891 892
519 533 0 892 893
533 532 0 892 913
520 533 0 893 894
520 534 0 894 895
534 533 0 894 911
521 534 0 895 896
521 535 0 896 897
535 534 0 896 909
522 535 0 897 898
522 536 0 898 899
536 535 0 898 907
523 536 0 899 900
523 537 0 900 901
537 536 0 900 905
524 537 0 901 902
528 537 0 902 903
528 538 0 903 904
538 537 0 903 906
530 538 0 904 938
537 539 0 905 906
539 536 0 905 908
538 539 0 906 936
536 540 0 907 908
540 535 0 907 910
539 540 0 908 934
535 541 0 909 910
541 534 0 909 912
540 541 0 910 932
534 542 0 911 912
542 533 0 911 914
541 542 0 912 930
533 543 0 913 914
543 532 0 913 916
542 543 0 914 928
532 544 0 915 916
544 531 0 915 918
543 544 0 916 926
531 545 0 917 918
545 518 0 917 919
544 545 0 918 924
545 24 0 919 921
24 518 1 919 -1
24 546 0 920 921
546 211 0 920 922
545 546 0 921 923
546 213 0 922 941
545 547 0 923 924
547 546 0 923 943
544 547 0 924 925
544 548 0 925 926
548 547 0 925 944
543 548 0 926 927
543 549 0 927 928
549 548 0 927 995
542 549 0 928 929
542 550 0 929 930
550 549 0 929 993
541 550 0 930 931
541 551 0 931 932
551 550 0 931 991
540 551 0 932 933
540 552 0 933 934
552 551 0 933 989
539 552 0 934 935
539 553 0 935 936
553 552 0 935 987
538 553 0 936 937
538 554 0 937 938
554 553 0 937 985
530 554 0 938 939
529 554 0 939 955
213 555 0 940 941
555 215 0 940 1064
546 555 0 941 942
546 556 0 942 943
556 555 0 942 1063
547 556 0 943 944
548 556 0 944 997
361 557 0 945 946
557 451 0 945 950
357 557 0 946 947
357 558 0 947 948
558 557 0 947 975
348 558 0 948 956
451 559 0 949 950
559 452 0 949 952
557 559 0 950 977
452 560 0 951 952
560 479 0 951 954
559 560 0 952 979
479 561 0 953 954
561 529 0 953 955
560 561 0 954 981
561 554 0 955 983
348 562 0 956 957
562 558 0 956 973
345 562 0 957 958
345 563 0 958 959
563 562 0 958 971
334 563 0 959 960
334 564 0 960 961
564 563 0 960 970
300 564 0 961 962
82 564 0 962 963
82 565 0 963 964
565 564 0 963 968
83 565 0 964 965
82 83 1 964 -1
256 565 0 965 966
256 566 0 966 967
566 565 0 966 969
263 566 0 967 1015
565 567 0 968 969
567 564 0 968 970
566 567 0 969 999
567 563 0 970 972
563 568 0 971 972
568 562 0 971 974
567 568 0 972 998
562 569 0 973 974
569 558 0 973 976
568 569 0 974 1000
558 570 0 975 976
570 557 0 975 978
569 570 0 976 1002
557 571 0 977 978
571 559 0 977 980
570 571 0 978 1004
559 572 0 979 980
572 560 0 979 982
571 572 0 980 1005
560 573 0 981 982
573 561 0 981 984
572 573 0 982 1007
561 574 0 983 984
574 554 0 983 986
573 574 0 984 1009
554 575 0 985 986
575 553 0 985 988
574 575 0 986 1011
553 576 0 987 988
576 552 0 987 990
575 576 0 988 1013
552 577 0 989 990
577 551 0 989 992
576 577 0 990 1053
551 578 0 991 992
578 550 0 991 994
577 578 0 992 1055
550 579 0 993 994
579 549 0 993 996
578 579 0 994 1057
549 580 0 995 996
580 548 0 995 997
579 580 0 996 1059
580 556 0 997 1061
567 581 0 998 999
581 568 0 998 1001
566 581 0 999 1014
568 582 0 1000 1001
582 569 0 1000 1003
581 582 0 1001 1122
569 583 0 1002 1003
583 570 0 1002 1004
582 583 0 1003 1120
583 571 0 1004 1006
571 584 0 1005 1006
584 572 0 1005 1008
583 584 0 1006 1119
572 585 0 1007 1008
585 573 0 1007 1010
584 585 0 1008 1117
573 586 0 1009 1010
586 574 0 1009 1012
585 586 0 1010 1115
574 587 0 1011 1012
587 575 0 1011 1013
586 587 0 1012 1113
587 576 0 1013 1054
566 588 0 1014 1015
588 581 0 1014 1124
263 588 0 1015 1016
263 589 0 1016 1017
589 588 0 1016 1126
262 589 0 1017 1018
262 590 0 1018 1019
590 589 0 1018 1128
261 590 0 1019 1020
261 591 0 1020 1021
591 590 0 1020 1130
260 591 0 1021 1022
260 592 0 1022 1023
592 591 0 1022 1132
259 592 0 1023 1024
259 593 0 1024 1025
593 592 0 1024 1134
258 593 0 1025 1026
258 594 0 1026 1027
594 593 0 1026 1136
257 594 0 1027 1028
257 595 0 1028 1029
595 594 0 1028 1138
255 595 0 1029 1030
255 596 0 1030 1031
596 595 0 1030 1052
209 596 0 1031 1032
209 597 0 1032 1033
597 596 0 1032 1045
198 597 0 1033 1034
198 598 0 1034 1035
598 597 0 1034 1043
7 598 0 1035 1036
599 598 0 1036 1037
7 599 1 1036 -1
599 601 0 1037 1038
601 598 0 1037 1042
600 601 0 1038 1039
599 600 1 1038 -1
602 601 0 1039 1040
600 602 1 1039 -1
602 603 0 1040 1041
603 601 0 1040 1042
8 603 0 1041 1046
602 8 1 1041 -1
603 598 0 1042 1044
598 604 0 1043 1044
604 597 0 1043 1045
603 604 0 1044 1048
604 596 0 1045 1050
8 605 0 1046 1047
605 603 0 1046 1049
301 605 0 1047 1144
603 606 0 1048 1049
606 604 0 1048 1051
605 606 0 1049 1143
604 607 0 1050 1051
607 596 0 1050 1052
606 607 0 1051 1141
607 595 0 1052 1139
576 608 0 1053 1054
608 577 0 1053 1056
587 608 0 1054 1111
577 609 0 1055 1056
609 578 0 1055 1058
608 609 0 1056 1109
578 610 0 1057 1058
610 579 0 1057 1060
609 610 0 1058 1107
579 611 0 1059 1060
611 580 0 1059 1062
610 611 0 1060 1105
580 612 0 1061 1062
612 556 0 1061 1063
611 612 0 1062 1096
612 555 0 1063 1065
555 613 0 1064 1065
613 215 0 1064 1067
612 613 0 1065 1095
215 614 0 1066 1067
614 214 0 1066 1068
613 614 0 1067 1093
614 159 0 1068 1070
159 615 0 1069 1070
615 156 0 1069 1072
614 615 0 1070 1091
156 616 0 1071 1072
616 153 0 1071 1073
615 616 0 1072 1083
616 152 0 1073 1075
152 617 0 1074 1075
617 113 0 1074 1077
616 617 0 1075 1082
113 618 0 1076 1077
618 101 0 1076 1079
617 618 0 1077 1084
101 619 0 1078 1079
619 100 0 1078 1081
618 619 0 1079 1086
100 620 0 1080 1081
620 304 0 1080 1150
619 620 0 1081 1088
616 621 0 1082 1083
621 617 0 1082 1085
615 621 0 1083 1090
617 622 0 1084 1085
622 618 0 1084 1087
621 622 0 1085 1097
618 623 0 1086 1087
623 619 0 1086 1089
622 623 0 1087 1169
619 624 0 1088 1089
624 620 0 1088 1151
623 624 0 1089 1171
615 625 0 1090 1091
625 621 0 1090 1098
614 625 0 1091 1092
614 626 0 1092 1093
626 625 0 1092 1100
613 626 0 1093 1094
613 627 0 1094 1095
627 626 0 1094 1102
612 627 0 1095 1096
611 627 0 1096 1104
621 628 0 1097 1098
628 622 0 1097 1170
625 628 0 1098 1099
625 629 0 1099 1100
629 628 0 1099 1175
626 629 0 1100 1101
626 630 0 1101 1102
630 629 0 1101 1177
627 630 0 1102 1103
627 631 0 1103 1104
631 630 0 1103 1179
611 631 0 1104 1105
610 631 0 1105 1106
610 632 0 1106 1107
632 631 0 1106 1180
609 632 0 1107 1108
609 633 0 1108 1109
633 632 0 1108 1189
608 633 0 1109 1110
608 634 0 1110 1111
634 633 0 1110 1191
587 634 0 1111 1112
587 635 0 1112 1113
635 634 0 1112 1193
586 635 0 1113 1114
586 636 0 1114 1115
636 635 0 1114 1195
585 636 0 1115 1116
585 637 0 1116 1117
637 636 0 1116 1197
584 637 0 1117 1118
584 638 0 1118 1119
638 637 0 1118 1198
583 638 0 1119 1120
582 638 0 1120 1121
582 639 0 1121 1122
639 638 0 1121 1200
581 639 0 1122 1123
581 640 0 1123 1124
640 639 0 1123 1201
588 640 0 1124 1125
588 641 0 1125 1126
641 640 0 1125 1203
589 641 0 1126 1127
589 642 0 1127 1128
642 641 0 1127 1205
590 642 0 1128 1129
590 643 0 1129 1130
643 642 0 1129 1207
591 643 0 1130 1131
591 644 0 1131 1132
644 643 0 1131 1209
592 644 0 1132 1133
592 645 0 1133 1134
645 644 0 1133 1211
593 645 0 1134 1135
593 646 0 1135 1136
646 645 0 1135 1161
594 646 0 1136 1137
594 647 0 1137 1138
647 646 0 1137 1159
595 647 0 1138 1139
607 647 0 1139 1140
607 648 0 1140 1141
648 647 0 1140 1157
606 648 0 1141 1142
606 649 0 1142 1143
649 648 0 1142 1152
605 649 0 1143 1144
301 649 0 1144 1145
301 650 0 1145 1146
650 649 0 1145 1153
303 650 0 1146 1147
303 651 0 1147 1148
651 650 0 1147 1155
304 651 0 1148 1149
304 652 0 1149 1150
652 651 0 1149 1156
620 652 0 1150 1151
624 652 0 1151 1168
649 653 0 1152 1153
653 648 0 1152 1158
650 653 0 1153 1154
650 654 0 1154 1155
654 653 0 1154 1163
651 654 0 1155 1156
652 654 0 1156 1166
648 655 0 1157 1158
655 647 0 1157 1160
653 655 0 1158 1162
647 656 0 1159 1160
656 646 0 1159 1161
655 656 0 1160 1164
656 645 0 1161 1213
653 657 0 1162 1163
657 655 0 1162 1164
654 657 0 1163 1165
657 656 0 1164 1215
654 658 0 1165 1166
658 657 0 1165 1216
652 658 0 1166 1167
652 659 0 1167 1168
659 658 0 1167 1226
624 659 0 1168 1173
622 660 0 1169 1170
660 623 0 1169 1172
628 660 0 1170 1174
623 661 0 1171 1172
661 624 0 1171 1173
660 661 0 1172 1181
661 659 0 1173 1225
628 662 0 1174 1175
662 660 0 1174 1182
629 662 0 1175 1176
629 663 0 1176 1177
663 662 0 1176 1184
630 663 0 1177 1178
630 664 0 1178 1179
664 663 0 1178 1186
631 664 0 1179 1180
632 664 0 1180 1188
660 665 0 1181 1182
665 661 0 1181 1223
662 665 0 1182 1183
662 666 0 1183 1184
666 665 0 1183 1221
663 666 0 1184 1185
663 667 0 1185 1186
667 666 0 1185 1219
664 667 0 1186 1187
664 668 0 1187 1188
668 667 0 1187 1217
632 668 0 1188 1189
633 668 0 1189 1190
633 669 0 1190 1191
669 668 0 1190 1218
634 669 0 1191 1192
634 670 0 1192 1193
670 669 0 1192 1237
635 670 0 1193 1194
635 671 0 1194 1195
671 670 0 1194 1239
636 671 0 1195 1196
636 672 0 1196 1197
672 671 0 1196 1241
637 672 0 1197 1198
638 672 0 1198 1199
638 673 0 1199 1200
673 672 0 1199 1242
639 673 0 1200 1201
640 673 0 1201 1202
640 674 0 1202 1203
674 673 0 1202 1243
641 674 0 1203 1204
641 675 0 1204 1205
675 674 0 1204 1250
642 675 0 1205 1206
642 676 0 1206 1207
676 675 0 1206 1251
643 676 0 1207 1208
643 677 0 1208 1209
677 676 0 1208 1267
644 677 0 1209 1210
644 678 0 1210 1211
678 677 0 1210 1262
645 678 0 1211 1212
645 679 0 1212 1213
679 678 0 1212 1261
656 679 0 1213 1214
656 680 0 1214 1215
680 679 0 1214 1259
657 680 0 1215 1216
658 680 0 1216 1228
668 681 0 1217 1218
681 667 0 1217 1220
669 681 0 1218 1236
667 682 0 1219 1220
682 666 0 1219 1222
681 682 0 1220 1234
666 683 0 1221 1222
683 665 0 1221 1224
682 683 0 1222 1232
665 684 0 1223 1224
684 661 0 1223 1225
683 684 0 1224 1230
684 659 0 1225 1227
659 685 0 1226 1227
685 658 0 1226 1228
684 685 0 1227 1229
685 680 0 1228 1258
684 686 0 1229 1230
686 685 0 1229 1256
683 686 0 1230 1231
683 687 0 1231 1232
687 686 0 1231 1254
682 687 0 1232 1233
682 688 0 1233 1234
688 687 0 1233 1252
681 688 0 1234 1235
681 689 0 1235 1236
689 688 0 1235 1244
669 689 0 1236 1237
670 689 0 1237 1238
670 690 0 1238 1239
690 689 0 1238 1245
671 690 0 1239 1240
671 691 0 1240 1241
691 690 0 1240 1247
672 691 0 1241 1242
673 691 0 1242 1243
674 691 0 1243 1248
689 692 0 1244 1245
692 688 0 1244 1253
690 692 0 1245 1246
690 693 0 1246 1247
693 692 0 1246 1272
691 693 0 1247 1248
674 693 0 1248 1249
674 694 0 1249 1250
694 693 0 1249 1273
675 694 0 1250 1251
676 694 0 1251 1268
688 695 0 1252 1253
695 687 0 1252 1255
692 695 0 1253 1271
687 696 0 1254 1255
696 686 0 1254 1257
695 696 0 1255 1266
686 697 0 1256 1257
697 685 0 1256 1258
696 697 0 1257 1263
697 680 0 1258 1260
680 698 0 1259 1260
698 679 0 1259 1261
697 698 0 1260 1263
698 678 0 1261 1262
698 677 0 1262 1264
696 698 0 1263 1265
698 699 0 1264 1265
699 677 0 1264 1267
696 699 0 1265 1266
695 699 0 1266 1270
699 676 0 1267 1268
699 694 0 1268 1269
699 700 0 1269 1270
700 694 0 1269 1273
695 700 0 1270 1271
692 700 0 1271 1272
693 700 0 1272 1273
